CFA,10,in,1,2133,0.8415377402719175,0.841942986721815,0.840969950801902,0.8414561874642107,2
CFA,10,in,1,2133,0.7290201593999063,0.8106096704603105,0.7264273236621319,0.7662131955169031,3
CFA,10,in,1,2133,0.4908579465541491,0.7957921604312772,0.4854951216374935,0.603070391993495,4
CFA,10,in,1,2133,0.340365682137834,0.7936256166565239,0.33268553524624067,0.4688362760440771,5
CFA,10,in,1,2133,0.2770745428973277,0.7633823312702623,0.2685118522510349,0.39728337850614653,6
CFA,10,in,1,2133,0.26441631504922647,0.714950401511573,0.25575580921523455,0.37674162680063594,7
CFA,10,in,1,2133,0.26019690576652604,0.5647887323943662,0.25146706949555525,0.3479932812495315,8
CFA,10,in,1,2133,0.2587904360056259,0.06469760900140648,0.25,0.10279329608938548,9
CFA,10,in,1,2133,0.2587904360056259,0.06469760900140648,0.25,0.10279329608938548,10
CFA,10,in,1,2133,0.2587904360056259,0.06469760900140648,0.25,0.10279329608938548,11
NBC,10,in,1,2133,0.8335677449601501,0.8340185100976348,0.8333011447520253,0.8336596731013811,2
NBC,10,in,1,2133,0.7332395686826066,0.810495527180733,0.73640223151069,0.7716744193232558,3
NBC,10,in,1,2133,0.4936708860759494,0.7888512061283137,0.5021843477817232,0.6136914312647623,4
NBC,10,in,1,2133,0.33567744960150026,0.7789367022117845,0.3465615189213438,0.4796977580121254,5
NBC,10,in,1,2133,0.26629160806375995,0.7504855207685396,0.27835210258041565,0.40608783722760095,6
NBC,10,in,1,2133,0.24566338490389122,0.6848958333333334,0.2582261649464599,0.3750480314361377,7
NBC,10,in,1,2133,0.24003750586029068,0.5594734367653973,0.2527434199566883,0.34819082764097853,8
NBC,10,in,1,2133,0.23769338959212377,0.3093339587242026,0.2504528985507246,0.2767967328128866,9
NBC,10,in,1,2133,0.2372245663384904,0.0593061415846226,0.25,0.09586964759378552,10
NBC,10,in,1,2133,0.2372245663384904,0.0593061415846226,0.25,0.09586964759378552,11
CFA,10,in,2,3349,0.947745595700209,0.9472105879480078,0.9475513933001842,0.9473809599742601,2
CFA,10,in,2,3349,0.8745894296805017,0.8916464134396589,0.8770607439776912,0.8842934382403217,3
CFA,10,in,2,3349,0.6130188115855479,0.8057017173498497,0.622160891395879,0.7021349191375029,4
CFA,10,in,2,3349,0.3663780232905345,0.7721412387411013,0.3813033727928204,0.5105057592889014,5
CFA,10,in,2,3349,0.2663481636309346,0.7511160145522493,0.2838718013602615,0.4120254418521798,6
CFA,10,in,2,3349,0.24604359510301582,0.7600830978730084,0.2641498387305737,0.39205110585639774,7
CFA,10,in,2,3349,0.2343983278590624,0.5580263551961665,0.2529217525022998,0.34807900125506924,8
CFA,10,in,2,3349,0.23141236189907435,0.05785309047476859,0.25,0.09396217264791464,9
CFA,10,in,2,3349,0.23141236189907435,0.05785309047476859,0.25,0.09396217264791464,10
CFA,10,in,2,3349,0.23141236189907435,0.05785309047476859,0.25,0.09396217264791464,11
NBC,10,in,2,3349,0.9516273514481934,0.9514856010445267,0.9513323189604131,0.9514089538286271,2
NBC,10,in,2,3349,0.8886234696924455,0.8989888928913818,0.888014133457003,0.8934678127990765,3
NBC,10,in,2,3349,0.6503433860853987,0.8128425929249995,0.6474635521397445,0.720788520029637,4
NBC,10,in,2,3349,0.414750671842341,0.7694168300062334,0.40956900851591005,0.534576884479158,5
NBC,10,in,2,3349,0.3054643177067781,0.7631947080315385,0.29837501348847306,0.42902171508279746,6
NBC,10,in,2,3349,0.27530606151089876,0.7552435130845606,0.26733462336603886,0.3948896087704667,7
NBC,10,in,2,3349,0.2624664078829501,0.5648425787106447,0.2544134549076699,0.350814753951957,8
NBC,10,in,2,3349,0.25888324873096447,0.3146100985957574,0.2506451612903226,0.2790084568942896,9
NBC,10,in,2,3349,0.25828605553896683,0.06457151388474171,0.25,0.10263407688656857,10
NBC,10,in,2,3349,0.25828605553896683,0.06457151388474171,0.25,0.10263407688656857,11
CFA,10,in,3,3546,0.9768753525098702,0.9765535014963814,0.9767548136022263,0.9766541471754772,2
CFA,10,in,3,3546,0.9376762549351382,0.9397721987403396,0.9391656621459809,0.9394688325456596,3
CFA,10,in,3,3546,0.7208121827411168,0.83051687841712,0.7275337819142602,0.775621872744395,4
CFA,10,in,3,3546,0.41539763113367173,0.7607101743673816,0.4282464588889158,0.5479954933619113,5
CFA,10,in,3,3546,0.28313592780597857,0.7445160918496371,0.2995683367815892,0.4272325900596315,6
CFA,10,in,3,3546,0.2535250987027637,0.7610789921353024,0.27071934456790087,0.3993780539976479,7
CFA,10,in,3,3546,0.23688663282571912,0.5583026353074525,0.2546423825057388,0.34975923364743794,8
CFA,10,in,3,3546,0.2320924985899605,0.058023124647490126,0.25,0.09418631265735865,9
CFA,10,in,3,3546,0.2320924985899605,0.058023124647490126,0.25,0.09418631265735865,10
CFA,10,in,3,3546,0.2320924985899605,0.058023124647490126,0.25,0.09418631265735865,11
NBC,10,in,3,3546,0.9808234630569655,0.980781276498856,0.9806699767379565,0.9807256234606329,2
NBC,10,in,3,3546,0.9390862944162437,0.9403636470138907,0.9390810199063518,0.9397218957956543,3
NBC,10,in,3,3546,0.7538071065989848,0.838814047729993,0.75121447333567,0.7926011951907949,4
NBC,10,in,3,3546,0.47715736040609136,0.7727876826759013,0.4700327169444903,0.5845341679623822,5
NBC,10,in,3,3546,0.3288212069937958,0.760668540661294,0.3183672367322321,0.4488673062249264,6
NBC,10,in,3,3546,0.2865200225606317,0.744292061747057,0.27477054722275657,0.40136795384247187,7
NBC,10,in,3,3546,0.26818950930626057,0.5659574468085107,0.25624189386596036,0.3527660528133994,8
NBC,10,in,3,3546,0.26311336717428085,0.3156223539373412,0.2509113001215067,0.2795710885186091,9
NBC,10,in,3,3546,0.2622673434856176,0.0655668358714044,0.25,0.10388739946380697,10
NBC,10,in,3,3546,0.2622673434856176,0.0655668358714044,0.25,0.10388739946380697,11
CFA,10,in,4,3578,0.990217998882057,0.990050948163664,0.9901408747517707,0.9900959094157962,2
CFA,10,in,4,3578,0.9678591391839017,0.9676973519801554,0.968639726187386,0.9681683097669962,3
CFA,10,in,4,3578,0.7951369480156512,0.8569208814694136,0.8004246887175016,0.827709853809579,4
CFA,10,in,4,3578,0.4586361095584125,0.7636038954717401,0.470530628942777,0.5822688112058555,5
CFA,10,in,4,3578,0.29877026271660145,0.7457793121326222,0.31491115171615447,0.442832720976077,6
CFA,10,in,4,3578,0.2602012297372834,0.7600435354384165,0.27727876449526767,0.4063229576428698,7
CFA,10,in,4,3578,0.23868082727780884,0.5583849184018008,0.25647244589013907,0.35149794809823287,8
CFA,10,in,4,3578,0.2319731693683622,0.05799329234209055,0.25,0.09414700544464609,9
CFA,10,in,4,3578,0.2319731693683622,0.05799329234209055,0.25,0.09414700544464609,10
CFA,10,in,4,3578,0.2319731693683622,0.05799329234209055,0.25,0.09414700544464609,11
NBC,10,in,4,3578,0.9913359418669648,0.9913211852454075,0.9912588963969177,0.9912900398426647,2
NBC,10,in,4,3578,0.9636668529904975,0.9640329369842681,0.9637729272141502,0.9639029145650055,3
NBC,10,in,4,3578,0.8202906651760761,0.866293366650452,0.8185583163591502,0.8417496291564706,4
NBC,10,in,4,3578,0.5271101173840134,0.775200840456624,0.5200360989301747,0.6224844407993947,5
NBC,10,in,4,3578,0.34907769703745106,0.7583381174045748,0.3374707429504445,0.4670831513540628,6
NBC,10,in,4,3578,0.2956959195081051,0.7377686282386022,0.28235940451566677,0.40841130495621175,7
NBC,10,in,4,3578,0.27193963107881497,0.5665492957746479,0.258263738042877,0.3547934693395997,8
NBC,10,in,4,3578,0.26523197316936836,0.3161024062674874,0.2512048192771084,0.279941605761343,9
NBC,10,in,4,3578,0.2641140301844606,0.06602850754611515,0.25,0.10446606234799911,10
NBC,10,in,4,3578,0.2641140301844606,0.06602850754611515,0.25,0.10446606234799911,11
CFA,10,in,5,3585,0.996094839609484,0.9959101842419449,0.9960754498756165,0.9959928102031265,2
CFA,10,in,5,3585,0.9821478382147838,0.9818116875160542,0.9825529852027726,0.9821821964866423,3
CFA,10,in,5,3585,0.8479776847977685,0.8812587316342366,0.8518521957986716,0.8663059862201898,4
CFA,10,in,5,3585,0.497907949790795,0.7689348780956629,0.5088795050631117,0.6124445073529349,5
CFA,10,in,5,3585,0.3138075313807531,0.746346531092313,0.32967004960227553,0.4573314247013936,6
CFA,10,in,5,3585,0.26638772663877264,0.7587822083231585,0.28340050055559796,0.4126709372924013,7
CFA,10,in,5,3585,0.2401673640167364,0.5584388185654008,0.258076251627062,0.3530119708003252,8
CFA,10,in,5,3585,0.2317991631799163,0.05794979079497908,0.25,0.09408967391304347,9
CFA,10,in,5,3585,0.2317991631799163,0.05794979079497908,0.25,0.09408967391304347,10
CFA,10,in,5,3585,0.2317991631799163,0.05794979079497908,0.25,0.09408967391304347,11
NBC,10,in,5,3585,0.9974895397489539,0.9974621551514347,0.9974196205751944,0.9974408874098566,2
NBC,10,in,5,3585,0.9785216178521617,0.9787756532804712,0.9785640517120862,0.9786698410585033,3
NBC,10,in,5,3585,0.8663877266387726,0.890070556338217,0.8654582654944107,0.877591880322385,4
NBC,10,in,5,3585,0.5684797768479777,0.7752008407710743,0.5624276240664726,0.6518915805251769,5
NBC,10,in,5,3585,0.36708507670850765,0.7567230001890741,0.35599689328133177,0.48420278764253766,6
NBC,10,in,5,3585,0.302928870292887,0.7331460636384144,0.28975567625134757,0.4153541345690861,7
NBC,10,in,5,3585,0.2739191073919107,0.5666901408450704,0.26031747954675777,0.35675450990135416,8
NBC,10,in,5,3585,0.26555090655509067,0.3161312849162011,0.25150421179302046,0.28013875135329347,9
NBC,10,in,5,3585,0.26415620641562065,0.06603905160390516,0.25,0.1044792586054722,10
NBC,10,in,5,3585,0.26415620641562065,0.06603905160390516,0.25,0.1044792586054722,11
CFA,10,in,10,3571,1.0,1.0,1.0,1.0,2
CFA,10,in,10,3571,0.9983197983758051,0.9981971153846154,0.9983645554564377,0.9982808283994116,3
CFA,10,in,10,3571,0.9666760011201344,0.9669302676860813,0.9675319354037035,0.9672310079777908,4
CFA,10,in,10,3571,0.6502380285634276,0.8034589004921633,0.6576519245865899,0.7232802374267759,5
CFA,10,in,10,3571,0.3814057686922431,0.7534750447203936,0.39574524464270244,0.5189329994692289,6
CFA,10,in,10,3571,0.29795575469056285,0.7568436543157775,0.314228811761487,0.44408215077337726,7
CFA,10,in,10,3571,0.24810977317278074,0.5588151523782399,0.2662175173018627,0.36063149488245033,8
CFA,10,in,10,3571,0.2313077569308317,0.05782693923270792,0.25,0.09392767796224698,9
CFA,10,in,10,3571,0.2313077569308317,0.05782693923270792,0.25,0.09392767796224698,10
CFA,10,in,10,3571,0.2313077569308317,0.05782693923270792,0.25,0.09392767796224698,11
NBC,10,in,10,3571,1.0,1.0,1.0,1.0,2
NBC,10,in,10,3571,0.9988798655838701,0.9988772880745603,0.9989313856675587,0.9989043361386196,3
NBC,10,in,10,3571,0.9621954634556147,0.9637275314407502,0.9618628963891779,0.9627943111103423,4
NBC,10,in,10,3571,0.7096051526183142,0.8006145379636835,0.7066534968978565,0.7507053156226058,5
NBC,10,in,10,3571,0.44105292635116217,0.7467942495175977,0.4318962683885076,0.5472813172258673,6
NBC,10,in,10,3571,0.33632035844301317,0.7252948045970864,0.32376271006657176,0.44768453254699725,7
NBC,10,in,10,3571,0.28395407448893867,0.5674093116252499,0.27075746887571256,0.36658648995928955,8
NBC,10,in,10,3571,0.2671520582469896,0.31627351867452963,0.25302663438256656,0.281136843349916,9
NBC,10,in,10,3571,0.2643517222066648,0.0660879305516662,0.25,0.1045404208194906,10
NBC,10,in,10,3571,0.2643517222066648,0.0660879305516662,0.25,0.1045404208194906,11
CFA,10,in,15,3551,1.0,1.0,1.0,1.0,2
CFA,10,in,15,3551,1.0,1.0,1.0,1.0,3
CFA,10,in,15,3551,0.9946493945367502,0.9944379546780654,0.9947803555261633,0.9946091256336693,4
CFA,10,in,15,3551,0.760912419036891,0.842510656597126,0.7657898605267132,0.8023203516238169,5
CFA,10,in,15,3551,0.43170937764010137,0.757051282051282,0.4445508621657648,0.5601651124863571,6
CFA,10,in,15,3551,0.32554210081667134,0.754070450033309,0.3407258402605405,0.469368210289206,7
CFA,10,in,15,3551,0.2565474514221346,0.5593036694596938,0.2744586037904963,0.36822415486949184,8
CFA,10,in,15,3551,0.23120247817516193,0.05780061954379048,0.25,0.09389295516925893,9
CFA,10,in,15,3551,0.23120247817516193,0.05780061954379048,0.25,0.09389295516925893,10
CFA,10,in,15,3551,0.23120247817516193,0.05780061954379048,0.25,0.09389295516925893,11
NBC,10,in,15,3551,1.0,1.0,1.0,1.0,2
NBC,10,in,15,3551,1.0,1.0,1.0,1.0,3
NBC,10,in,15,3551,0.9862010701210927,0.9866318629083639,0.9856979503668357,0.9861646855304024,4
NBC,10,in,15,3551,0.795550549141087,0.8343500331427118,0.7939309238886688,0.8136388131286957,5
NBC,10,in,15,3551,0.4902844269219938,0.721423651314197,0.48237560096785537,0.578164784029246,6
NBC,10,in,15,3551,0.36496761475640666,0.7267779664856695,0.3530500922247547,0.4752405274615936,7
NBC,10,in,15,3551,0.29400168966488316,0.568122460824144,0.2813221653319812,0.37630573184274035,8
NBC,10,in,15,3551,0.26865671641791045,0.31638857466063347,0.2545676004872107,0.28213121699601706,9
NBC,10,in,15,3551,0.26443255421008166,0.06610813855252042,0.25,0.10456570155902005,10
NBC,10,in,15,3551,0.26443255421008166,0.06610813855252042,0.25,0.10456570155902005,11
CFA,10,in,20,3531,1.0,1.0,1.0,1.0,2
CFA,10,in,20,3531,1.0,1.0,1.0,1.0,3
CFA,10,in,20,3531,0.9994335882186349,0.9994324631101021,0.9994646680942184,0.999448565342727,4
CFA,10,in,20,3531,0.8408382894364202,0.8805050939740531,0.8442196790952421,0.8619806933643847,5
CFA,10,in,20,3531,0.48088360237892946,0.7671683390801975,0.4924225865688433,0.5998312788240148,6
CFA,10,in,20,3531,0.3517417162276975,0.7530756190591512,0.3658752677005069,0.4924822831498841,7
CFA,10,in,20,3531,0.26479750778816197,0.55978898007034,0.28252217455596074,0.3755210864139673,8
CFA,10,in,20,3531,0.23109600679694137,0.05777400169923534,0.25,0.09385783298826776,9
CFA,10,in,20,3531,0.23109600679694137,0.05777400169923534,0.25,0.09385783298826776,10
CFA,10,in,20,3531,0.23109600679694137,0.05777400169923534,0.25,0.09385783298826776,11
NBC,10,in,20,3531,1.0,1.0,1.0,1.0,2
NBC,10,in,20,3531,1.0,1.0,1.0,1.0,3
NBC,10,in,20,3531,0.9929198527329368,0.9930600949480802,0.9924180994667674,0.9927389934142421,4
NBC,10,in,20,3531,0.8564146134239592,0.8733585839913229,0.8549949652008972,0.864079218602651,5
NBC,10,in,20,3531,0.536108751062022,0.7232154997299425,0.5295605814884385,0.6114203907947676,6
NBC,10,in,20,3531,0.3902577173605211,0.7242691033997851,0.37893775982797884,0.49755475732255444,7
NBC,10,in,20,3531,0.30416312659303313,0.5688587437334119,0.29201381917954894,0.3859214975308002,8
NBC,10,in,20,3531,0.27017841971113,0.31650526915408717,0.25612745098039214,0.2831332718509746,9
NBC,10,in,20,3531,0.2645143018974795,0.06612857547436987,0.25,0.1045912653975364,10
NBC,10,in,20,3531,0.2645143018974795,0.06612857547436987,0.25,0.1045912653975364,11
CFA,10,in,25,3511,1.0,1.0,1.0,1.0,2
CFA,10,in,25,3511,1.0,1.0,1.0,1.0,3
CFA,10,in,25,3511,1.0,1.0,1.0,1.0,4
CFA,10,in,25,3511,0.8911990885787525,0.9098295758494416,0.8935511205881561,0.9016168784000809,5
CFA,10,in,25,3511,0.5300484192537739,0.7837327238587743,0.5406795066366821,0.6399038195418398,6
CFA,10,in,25,3511,0.37368271147821136,0.7520433055316776,0.38687463001289135,0.5109173655117208,7
CFA,10,in,25,3511,0.27200227855311876,0.5602168102168102,0.28959807671938775,0.38181894263953725,8
CFA,10,in,25,3511,0.23098832241526632,0.05774708060381658,0.25,0.09382230448866266,9
CFA,10,in,25,3511,0.23098832241526632,0.05774708060381658,0.25,0.09382230448866266,10
CFA,10,in,25,3511,0.23098832241526632,0.05774708060381658,0.25,0.09382230448866266,11
NBC,10,in,25,3511,1.0,1.0,1.0,1.0,2
NBC,10,in,25,3511,1.0,1.0,1.0,1.0,3
NBC,10,in,25,3511,0.995727712902307,0.995780662151994,0.9953760789149199,0.995578329429813,4
NBC,10,in,25,3511,0.9003133010538308,0.9095039470688574,0.8987270534485083,0.9040833856018522,5
NBC,10,in,25,3511,0.5693534605525491,0.7223090110151502,0.5637987802414093,0.6332858600752892,6
NBC,10,in,25,3511,0.410709199658217,0.7150745748310378,0.3998926186752425,0.5129353508205416,7
NBC,10,in,25,3511,0.3144403303902022,0.5696193045563549,0.30283473520556875,0.39543747498808335,8
NBC,10,in,25,3511,0.2717174594132726,0.3166236374067699,0.25770653514180025,0.2841431094522269,9
NBC,10,in,25,3511,0.26459698091711764,0.06614924522927941,0.25,0.10461711711711713,10
NBC,10,in,25,3511,0.26459698091711764,0.06614924522927941,0.25,0.10461711711711713,11
