CFA,3,in,1,2058,0.8192419825072886,0.8202696771806031,0.8189475741985066,0.8196080925215767,2
CFA,3,in,1,2058,0.685131195335277,0.7840232999929049,0.6848265005540918,0.7310753389312699,3
CFA,3,in,1,2058,0.46695821185617103,0.7815453412407158,0.4597417140347799,0.5789297378891256,4
CFA,3,in,1,2058,0.3391642371234208,0.8153088829409358,0.32487986057722956,0.46462033189333624,5
CFA,3,in,1,2058,0.2881438289601555,0.7933962264150943,0.2709245247674443,0.4039205199277892,6
CFA,3,in,1,2058,0.2725947521865889,0.48399315738025417,0.2543349212867625,0.33344624196841527,7
CFA,3,in,1,2058,0.27016520894071916,0.48388537100178597,0.2516613877688873,0.3311149496216844,8
CFA,3,in,1,2058,0.2687074829931973,0.06717687074829932,0.25,0.1058981233243968,9
CFA,3,in,1,2058,0.2687074829931973,0.06717687074829932,0.25,0.1058981233243968,10
CFA,3,in,1,2058,0.2687074829931973,0.06717687074829932,0.25,0.1058981233243968,11
NBC,3,in,1,2058,0.8134110787172012,0.8132184936420125,0.813401173367371,0.8133098232466447,2
NBC,3,in,1,2058,0.6899902818270165,0.7824960907130826,0.6964380887005933,0.7369632664084551,3
NBC,3,in,1,2058,0.4679300291545189,0.7796467821647313,0.4785270636671126,0.5930533154901785,4
NBC,3,in,1,2058,0.3250728862973761,0.7900939715118906,0.33579657544131286,0.471290660763575,5
NBC,3,in,1,2058,0.260932944606414,0.7662244897959184,0.2710929106786683,0.4004907795377178,6
NBC,3,in,1,2058,0.24392614188532555,0.47696940104166663,0.25401096143582064,0.3314875812078812,7
NBC,3,in,1,2058,0.2424684159378037,0.4768518518518518,0.2524575602839139,0.3301338310795705,8
NBC,3,in,1,2058,0.24052478134110788,0.3100388915896937,0.2504520795660036,0.2770780945315438,9
NBC,3,in,1,2058,0.2400388726919339,0.06000971817298348,0.25,0.09678683385579936,10
NBC,3,in,1,2058,0.2400388726919339,0.06000971817298348,0.25,0.09678683385579936,11
CFA,3,in,2,3214,0.9303049159925326,0.9298559602417761,0.9307662117973794,0.9303108633634396,2
CFA,3,in,2,3214,0.8182949595519602,0.8529520454011341,0.8233579372750732,0.8378937594523462,3
CFA,3,in,2,3214,0.5500933416303672,0.7948438516292154,0.5628334516592169,0.6590147857064635,4
CFA,3,in,2,3214,0.35532047293092717,0.8121564226828091,0.3726154037969075,0.5108527846807095,5
CFA,3,in,2,3214,0.2731798382078407,0.7970634594298245,0.2914372878030453,0.42681461342799526,6
CFA,3,in,2,3214,0.246110765401369,0.5315358093135871,0.2646220586123039,0.3533372105036112,7
CFA,3,in,2,3214,0.23335407591785937,0.47456304619225964,0.2518076130617177,0.32902922601995577,8
CFA,3,in,2,3214,0.23148724331051648,0.05787181082762912,0.25,0.09398686205154119,9
CFA,3,in,2,3214,0.23148724331051648,0.05787181082762912,0.25,0.09398686205154119,10
CFA,3,in,2,3214,0.23148724331051648,0.05787181082762912,0.25,0.09398686205154119,11
NBC,3,in,2,3214,0.940261356565028,0.9397342988871871,0.9402981269188582,0.9400161283560635,2
NBC,3,in,2,3214,0.8397635345364033,0.8630420385404712,0.8414264838048425,0.8520972002060261,3
NBC,3,in,2,3214,0.6026757934038581,0.8066221974956365,0.6028955111630381,0.6900358882860239,4
NBC,3,in,2,3214,0.40385812072184196,0.7905172537031839,0.3992540619644434,0.5305510738706412,5
NBC,3,in,2,3214,0.2983820784069695,0.7851064627380417,0.29034753183111817,0.42392092052616576,6
NBC,3,in,2,3214,0.27224642190416926,0.5388247079887458,0.2629290736145575,0.3534069550100683,7
NBC,3,in,2,3214,0.2629122588674549,0.4818602956485529,0.25329818031430934,0.3320490480467761,8
NBC,3,in,2,3214,0.26042314872433103,0.3149906600249066,0.2506720430107527,0.27917468079125296,9
NBC,3,in,2,3214,0.2598008711885501,0.06495021779713753,0.25,0.10311187947641394,10
NBC,3,in,2,3214,0.2598008711885501,0.06495021779713753,0.25,0.10311187947641394,11
CFA,3,in,3,3475,0.9677697841726619,0.9673514762426669,0.9678242109135079,0.9675877858370591,2
CFA,3,in,3,3475,0.9076258992805756,0.9139140965738403,0.9100976082913503,0.9120018596997713,3
CFA,3,in,3,3475,0.6371223021582734,0.8157533339893724,0.6489175866813998,0.7228336104020705,4
CFA,3,in,3,3475,0.4020143884892086,0.8150665909658461,0.42213706061843537,0.5562056246407254,5
CFA,3,in,3,3475,0.2883453237410072,0.7982518710750437,0.311492215235356,0.44811997054857017,6
CFA,3,in,3,3475,0.2483453237410072,0.534342527115214,0.27242807491380466,0.3608706257775596,7
CFA,3,in,3,3475,0.2279136690647482,0.4730250481695568,0.2524247626793275,0.32918400071221543,8
CFA,3,in,3,3475,0.22532374100719424,0.05633093525179856,0.25,0.09194457491780178,9
CFA,3,in,3,3475,0.22532374100719424,0.05633093525179856,0.25,0.09194457491780178,10
CFA,3,in,3,3475,0.22532374100719424,0.05633093525179856,0.25,0.09194457491780178,11
NBC,3,in,3,3475,0.9712230215827338,0.9707381122548918,0.9711192963500088,0.9709286668894781,2
NBC,3,in,3,3475,0.9162589928057554,0.9210512719054825,0.9172693778965204,0.9191564347411709,3
NBC,3,in,3,3475,0.6883453237410072,0.827910660630975,0.6899869490852488,0.7526825883212451,4
NBC,3,in,3,3475,0.45784172661870504,0.7817226019558143,0.45567371109661503,0.5757418788530285,5
NBC,3,in,3,3475,0.3156834532374101,0.7870264084249008,0.3092807141482926,0.44405821076833896,6
NBC,3,in,3,3475,0.2776978417266187,0.5428595661909393,0.2696922633324159,0.36035861284951975,7
NBC,3,in,3,3475,0.26215827338129494,0.481516290726817,0.2542646546991296,0.33279625995963547,8
NBC,3,in,3,3475,0.2589928057553957,0.314588133640553,0.2509578544061303,0.27919343327936513,9
NBC,3,in,3,3475,0.2581294964028777,0.06453237410071942,0.25,0.10258462946020128,10
NBC,3,in,3,3475,0.2581294964028777,0.06453237410071942,0.25,0.10258462946020128,11
CFA,3,in,4,3542,0.9808018068887634,0.9804709071666828,0.9807526109152725,0.9806117388094739,2
CFA,3,in,4,3542,0.9491812535290797,0.9493844351821319,0.9504922499811823,0.9499380195992134,3
CFA,3,in,4,3542,0.7114624505928854,0.8385765490051688,0.7214698079847686,0.7756277998797844,4
CFA,3,in,4,3542,0.44805194805194803,0.8194177942117067,0.4677965963828593,0.5955819915449053,5
CFA,3,in,4,3542,0.3080180688876341,0.7995015720587877,0.3320436322399127,0.4692157325388525,6
CFA,3,in,4,3542,0.2546583850931677,0.5351548269581057,0.28008127376952846,0.3677139554162462,7
CFA,3,in,4,3542,0.22699040090344438,0.4726007950028393,0.25315005831926396,0.32969694288075757,8
CFA,3,in,4,3542,0.2236024844720497,0.055900621118012424,0.25,0.09137055837563453,9
CFA,3,in,4,3542,0.2236024844720497,0.055900621118012424,0.25,0.09137055837563453,10
CFA,3,in,4,3542,0.2236024844720497,0.055900621118012424,0.25,0.09137055837563453,11
NBC,3,in,4,3542,0.98729531338227,0.9873531131533007,0.9870204669120958,0.9871867620102603,2
NBC,3,in,4,3542,0.950592885375494,0.9516062596606844,0.9511547745566595,0.9513804635447204,3
NBC,3,in,4,3542,0.759175607001694,0.850160627899185,0.7615950717372356,0.8034445226892772,4
NBC,3,in,4,3542,0.5087521174477696,0.7828480841467451,0.5084490734033386,0.616493857626343,5
NBC,3,in,4,3542,0.33455674760022586,0.7545255833006796,0.32934755788494696,0.4585428843636879,6
NBC,3,in,4,3542,0.2834556747600226,0.5439649326746101,0.276199494949495,0.366372484869149,7
NBC,3,in,4,3542,0.26228119706380576,0.48136837121212117,0.2553738605567874,0.33370938709790376,8
NBC,3,in,4,3542,0.2583286278938453,0.31437252685132844,0.25126262626262624,0.279296879929134,9
NBC,3,in,4,3542,0.2571993224167137,0.06429983060417843,0.25,0.10229059061306985,10
NBC,3,in,4,3542,0.2571993224167137,0.06429983060417843,0.25,0.10229059061306985,11
CFA,3,in,5,3570,0.9907563025210084,0.9908149839325238,0.9907196120074,0.9907672956748205,2
CFA,3,in,5,3570,0.9700280112044818,0.9694163431827204,0.9708521651689128,0.9701337229130642,3
CFA,3,in,5,3570,0.7689075630252101,0.8570610974257377,0.7769353564004279,0.8150336772471941,4
CFA,3,in,5,3570,0.4907563025210084,0.8238688064868156,0.5091481097361069,0.6293562225479752,5
CFA,3,in,5,3570,0.3280112044817927,0.800679001447689,0.3516741001641127,0.48870101874255684,6
CFA,3,in,5,3570,0.261624649859944,0.5354669619977384,0.2872255521549868,0.3738937480887355,7
CFA,3,in,5,3570,0.22717086834733893,0.472449459332393,0.2538822174299684,0.3302802843283986,8
CFA,3,in,5,3570,0.22296918767507004,0.05574229691876751,0.25,0.09115895556573522,9
CFA,3,in,5,3570,0.22296918767507004,0.05574229691876751,0.25,0.09115895556573522,10
CFA,3,in,5,3570,0.22296918767507004,0.05574229691876751,0.25,0.09115895556573522,11
NBC,3,in,5,3570,0.9935574229691877,0.9938573977504122,0.9934424252342187,0.9936498681666462,2
NBC,3,in,5,3570,0.973109243697479,0.9733999455257251,0.9734854971220249,0.9734427194441867,3
NBC,3,in,5,3570,0.8120448179271709,0.8710823260217451,0.8142545746645192,0.8417103649529044,4
NBC,3,in,5,3570,0.5523809523809524,0.7842008716026819,0.5526991985133264,0.6484062689452085,5
NBC,3,in,5,3570,0.3532212885154062,0.7352616122763119,0.34817690284855884,0.47257155320216576,6
NBC,3,in,5,3570,0.2896358543417367,0.5445137368567111,0.2821942682846547,0.3717362226750114,7
NBC,3,in,5,3570,0.26330532212885155,0.4814422805532035,0.2564981018630269,0.3346856577062899,8
NBC,3,in,5,3570,0.2585434173669468,0.3143758765778401,0.251570351758794,0.27948821246715266,9
NBC,3,in,5,3570,0.2571428571428571,0.06428571428571428,0.25,0.10227272727272727,10
NBC,3,in,5,3570,0.2571428571428571,0.06428571428571428,0.25,0.10227272727272727,11
CFA,3,in,10,3586,0.9988845510317903,0.9989417989417989,0.9987484355444305,0.9988451078849563,2
CFA,3,in,10,3586,0.9986056887897379,0.9985684605760561,0.9986534329806404,0.99861094497076,3
CFA,3,in,10,3586,0.9096486335750139,0.9234431516037042,0.9129872777714629,0.9181854489812854,4
CFA,3,in,10,3586,0.6450083658672616,0.8448670711276249,0.6583224431071689,0.740019736830948,5
CFA,3,in,10,3586,0.4157836029001673,0.8091535759721223,0.43665110739519336,0.5672121958090841,6
CFA,3,in,10,3586,0.2983825989960959,0.5370441241912847,0.3226633205524654,0.40312420569162527,7
CFA,3,in,10,3586,0.23117679866146124,0.47245003770739064,0.2577054395043292,0.3334986818866686,8
CFA,3,in,10,3586,0.22281093139988845,0.05570273284997211,0.25,0.0911060433295325,9
CFA,3,in,10,3586,0.22281093139988845,0.05570273284997211,0.25,0.0911060433295325,10
CFA,3,in,10,3586,0.22281093139988845,0.05570273284997211,0.25,0.0911060433295325,11
NBC,3,in,10,3586,0.9986056887897379,0.9986786469344608,0.9985642825670317,0.9986214614764303,2
NBC,3,in,10,3586,0.9994422755158952,0.9994612068965517,0.9994686503719448,0.9994649286203895,3
NBC,3,in,10,3586,0.9341885108756275,0.9405273542457476,0.9355339157761159,0.9380239895915767,4
NBC,3,in,10,3586,0.7018962632459564,0.8070790677457299,0.7039271152695603,0.7519821511504017,5
NBC,3,in,10,3586,0.42972671500278864,0.7167775752299482,0.42504609086535183,0.533643705973085,6
NBC,3,in,10,3586,0.32124930284439485,0.5470354210308923,0.3123595390977853,0.3976558856193146,7
NBC,3,in,10,3586,0.26993865030674846,0.4821731748726655,0.2623183871143277,0.3397832722370117,8
NBC,3,in,10,3586,0.2610150585610708,0.3147371364653244,0.25312891113892366,0.28059106186948024,9
NBC,3,in,10,3586,0.2582264361405466,0.06455660903513664,0.25,0.10261524822695035,10
NBC,3,in,10,3586,0.2582264361405466,0.06455660903513664,0.25,0.10261524822695035,11
CFA,3,in,15,3569,1.0,1.0,1.0,1.0,2
CFA,3,in,15,3569,1.0,1.0,1.0,1.0,3
CFA,3,in,15,3569,0.9546091342112637,0.9563084184201157,0.956241460531678,0.9562749383038075,4
CFA,3,in,15,3569,0.7419445222751471,0.8652527933705807,0.7519573792608558,0.8046365697074507,5
CFA,3,in,15,3569,0.4841692350798543,0.8177787652423159,0.5029101971715634,0.6228102025158693,6
CFA,3,in,15,3569,0.327822919585318,0.5367338801549328,0.3507361279976358,0.424244112277257,7
CFA,3,in,15,3569,0.23564023536004483,0.47254817782865866,0.2616289885106635,0.3367914652108064,8
CFA,3,in,15,3569,0.2230316615298403,0.055757915382460076,0.25,0.09117983963344789,9
CFA,3,in,15,3569,0.2230316615298403,0.055757915382460076,0.25,0.09117983963344789,10
CFA,3,in,15,3569,0.2230316615298403,0.055757915382460076,0.25,0.09117983963344789,11
NBC,3,in,15,3569,1.0,1.0,1.0,1.0,2
NBC,3,in,15,3569,1.0,1.0,1.0,1.0,3
NBC,3,in,15,3569,0.9717007565144298,0.9728282018642985,0.9724271687825983,0.9726276439850373,4
NBC,3,in,15,3569,0.7862146259456431,0.8322041899044487,0.788052157647579,0.8095266016990531,5
NBC,3,in,15,3569,0.48921266461193613,0.7179010370577373,0.4858436619984121,0.5795043900422933,6
NBC,3,in,15,3569,0.34519473241804427,0.5473783226119675,0.33632060576104567,0.4166455409881743,7
NBC,3,in,15,3569,0.27542729055757914,0.4826030927835051,0.2682469725677568,0.3448273485344884,8
NBC,3,in,15,3569,0.2622583356682544,0.314786156443444,0.25471105527638194,0.2815800058159076,9
NBC,3,in,15,3569,0.2580554777248529,0.06451386943121322,0.25,0.10256124721603563,10
NBC,3,in,15,3569,0.2580554777248529,0.06451386943121322,0.25,0.10256124721603563,11
CFA,3,in,20,3549,1.0,1.0,1.0,1.0,2
CFA,3,in,20,3549,1.0,1.0,1.0,1.0,3
CFA,3,in,20,3549,0.9723865877712031,0.9720154670770489,0.9733419582834842,0.9726782604294623,4
CFA,3,in,20,3549,0.8052972668357283,0.8834345479082322,0.8131388442601124,0.8468303824421587,5
CFA,3,in,20,3549,0.5350803043110736,0.8252537494319043,0.552455821780614,0.6618466588987765,6
CFA,3,in,20,3549,0.35362073823612283,0.5363695407567023,0.37552959223409815,0.4417651637995075,7
CFA,3,in,20,3549,0.23978585517047055,0.4725524306562289,0.2655849290408938,0.34005270730486686,8
CFA,3,in,20,3549,0.22287968441814596,0.05571992110453649,0.25,0.09112903225806451,9
CFA,3,in,20,3549,0.22287968441814596,0.05571992110453649,0.25,0.09112903225806451,10
CFA,3,in,20,3549,0.22287968441814596,0.05571992110453649,0.25,0.09112903225806451,11
NBC,3,in,20,3549,1.0,1.0,1.0,1.0,2
NBC,3,in,20,3549,1.0,1.0,1.0,1.0,3
NBC,3,in,20,3549,0.9833755987602142,0.9842294281729428,0.9839485797202218,0.9840889839087978,4
NBC,3,in,20,3549,0.841927303465765,0.8636064208106868,0.8432290419284809,0.853296091768353,5
NBC,3,in,20,3549,0.5314173006480699,0.7066286449565604,0.5281529525757896,0.6044923344408023,6
NBC,3,in,20,3549,0.36573682727528883,0.5477006340193071,0.3567294580829766,0.4320531837043612,7
NBC,3,in,20,3549,0.28120597351366583,0.4831784296640526,0.2742633472721968,0.3499097554016756,8
NBC,3,in,20,3549,0.26373626373626374,0.3148909039387929,0.2563211125158028,0.28260325236037426,9
NBC,3,in,20,3549,0.2581008734854889,0.06452521837137222,0.25,0.10257558790593506,10
NBC,3,in,20,3549,0.2581008734854889,0.06452521837137222,0.25,0.10257558790593506,11
CFA,3,in,25,3529,1.0,1.0,1.0,1.0,2
CFA,3,in,25,3529,1.0,1.0,1.0,1.0,3
CFA,3,in,25,3529,0.9827146500425049,0.9820360467947177,0.9832754610991196,0.9826553631315665,4
CFA,3,in,25,3529,0.8495324454519694,0.8992027334851936,0.8557611004470104,0.876944249053939,5
CFA,3,in,25,3529,0.5792009067724568,0.8333330635894283,0.5955250153163375,0.6946395765739783,6
CFA,3,in,25,3529,0.378577500708416,0.536378040588616,0.39948594925758885,0.4579201529929189,7
CFA,3,in,25,3529,0.2439784641541513,0.47255679592636113,0.26958168626254037,0.34331236274101606,8
CFA,3,in,25,3529,0.22272598469821478,0.055681496174553695,0.25,0.0910776361529548,9
CFA,3,in,25,3529,0.22272598469821478,0.055681496174553695,0.25,0.0910776361529548,10
CFA,3,in,25,3529,0.22272598469821478,0.055681496174553695,0.25,0.0910776361529548,11
NBC,3,in,25,3529,1.0,1.0,1.0,1.0,2
NBC,3,in,25,3529,1.0,1.0,1.0,1.0,3
NBC,3,in,25,3529,0.9875318787191839,0.9885900338744478,0.9879217179833951,0.988255762940438,4
NBC,3,in,25,3529,0.8846698781524511,0.8947395822847171,0.8857390010640696,0.8902165420431798,5
NBC,3,in,25,3529,0.5658826863134032,0.6962421953110072,0.5621209006559886,0.6220339600823623,6
NBC,3,in,25,3529,0.38509492774156984,0.5482143570605184,0.3759899029141975,0.4460552105505174,7
NBC,3,in,25,3529,0.287050155851516,0.4837308598351001,0.2803515948996949,0.35497404034500835,8
NBC,3,in,25,3529,0.26523094361008787,0.3149971461187214,0.25795165394402036,0.2836345405386051,9
NBC,3,in,25,3529,0.25814678379144235,0.06453669594786059,0.25,0.10259009009009008,10
NBC,3,in,25,3529,0.25814678379144235,0.06453669594786059,0.25,0.10259009009009008,11
