CFA,1,fl,1,2014,0.7557100297914597,0.7543449211688664,0.7594623374826404,0.756894979628251,2
CFA,1,fl,1,2014,0.8133068520357497,0.8121576130665087,0.8170075387268968,0.8145753569297106,3
CFA,1,fl,1,2014,0.8133068520357497,0.8120691723156722,0.8170295050906988,0.814541787011695,4
CFA,1,fl,1,2014,0.8133068520357497,0.8120158949339311,0.8169596329689399,0.8144802621365402,5
NBC,1,fl,1,2014,0.7815292949354519,0.7807394627830107,0.7849304216170951,0.7828293330559658,2
NBC,1,fl,1,2014,0.8098311817279047,0.8087794920584093,0.8122156541934246,0.810493931162446,3
NBC,1,fl,1,2014,0.8147964250248262,0.8141840940568668,0.8173125928380142,0.8157453438996319,4
NBC,1,fl,1,2014,0.814299900695134,0.8137221865042739,0.8167708759544615,0.8152436810156569,5
CFA,1,fl,2,3268,0.8570991432068543,0.8585683664892889,0.8580032476749709,0.8582857140597148,2
CFA,1,fl,2,3268,0.8892288861689106,0.8928537408258358,0.8908839101453772,0.891867737816434,3
CFA,1,fl,2,3268,0.8855569155446756,0.8891223514938784,0.8871567229819232,0.8881384496567029,4
CFA,1,fl,2,3268,0.8849449204406364,0.8883977202886968,0.8861985955828448,0.8872967953302506,5
NBC,1,fl,2,3268,0.8849449204406364,0.8882493916882143,0.8864765562866155,0.8873620885139804,2
NBC,1,fl,2,3268,0.8971848225214198,0.9010109129274844,0.898362215348173,0.899684614681444,3
NBC,1,fl,2,3268,0.8965728274173806,0.9003296077679062,0.8977279031567382,0.8990268731902472,4
NBC,1,fl,2,3268,0.8962668298653611,0.899696837821901,0.8973213949028791,0.8985075463368447,5
CFA,1,fl,3,3498,0.906232132647227,0.9086743443150382,0.9070397675787197,0.9078563201919797,2
CFA,1,fl,3,3498,0.9142367066895368,0.9214775571131808,0.9151628547283606,0.9183093503755175,3
CFA,1,fl,3,3498,0.9105202973127502,0.9188429843002359,0.9113590013184183,0.9150856912191988,4
CFA,1,fl,3,3498,0.9105202973127502,0.9183463710198174,0.9112144873354228,0.9147665286384128,5
NBC,1,fl,3,3498,0.9256718124642653,0.9292252551858815,0.9263113063557926,0.927765992727055,2
NBC,1,fl,3,3498,0.9236706689536878,0.9316891776646012,0.9241334062853547,0.9278959107414406,3
NBC,1,fl,3,3498,0.9216695254431103,0.9296987797612177,0.9220188350554104,0.9258428812351729,4
NBC,1,fl,3,3498,0.9230989136649514,0.9308812129673708,0.9234165532321232,0.927133858235354,5
CFA,1,fl,4,3559,0.9280696824950829,0.930328187005232,0.9287422881000302,0.9295345611190663,2
CFA,1,fl,4,3559,0.9370609721831975,0.9418057774755713,0.9371188997543809,0.9394564930313186,3
CFA,1,fl,4,3559,0.9289126159033436,0.9356751543670618,0.929149110933433,0.9324007135466648,4
CFA,1,fl,4,3559,0.9277887046923293,0.9348183060768989,0.9279642768102102,0.9313786818890043,5
NBC,1,fl,4,3559,0.9393087946052262,0.9430420773349973,0.9395736255736676,0.9413046563897205,2
NBC,1,fl,4,3559,0.9449283506602978,0.950312466016028,0.9450554266782408,0.947676655819869,3
NBC,1,fl,4,3559,0.9438044394492835,0.9493676648728182,0.9438519037190396,0.9466017494061543,4
NBC,1,fl,4,3559,0.9438044394492835,0.9492304700122337,0.9437954449520072,0.9465051552916771,5
CFA,1,fl,5,3588,0.9389632107023411,0.9411161228771482,0.9393379601779348,0.9402262008097028,2
CFA,1,fl,5,3588,0.9417502787068004,0.9473235389967333,0.9415072905758989,0.9444064598430879,3
CFA,1,fl,5,3588,0.935340022296544,0.9426239324470189,0.9353043035751734,0.938949853097828,4
CFA,1,fl,5,3588,0.9361761426978819,0.9433573221603184,0.9360856082173632,0.9397073977694972,5
NBC,1,fl,5,3588,0.9512263099219621,0.9549014364825532,0.951367046234226,0.9531309648224396,2
NBC,1,fl,5,3588,0.947324414715719,0.9527528830504568,0.9473587434734406,0.9500481566744697,3
NBC,1,fl,5,3588,0.9478818283166109,0.9536006624524699,0.947921236634618,0.95075246794845,4
NBC,1,fl,5,3588,0.9481605351170569,0.9540814036676729,0.9482302955025149,0.9511468511999251,5
CFA,1,fl,10,3594,0.9568725653867557,0.9594299371736326,0.9569528707714845,0.9581898030768671,2
CFA,1,fl,10,3594,0.9518642181413467,0.9573433305790384,0.9513875059280463,0.9543561262552692,3
CFA,1,fl,10,3594,0.9435169727323317,0.952212495503058,0.9432833154896604,0.9477268739922933,4
CFA,1,fl,10,3594,0.9457429048414023,0.9537610900821376,0.9455672177293295,0.9496464793563,5
NBC,1,fl,10,3594,0.9574290484140233,0.9618307939614201,0.9575938258513745,0.9597076335313576,2
NBC,1,fl,10,3594,0.9471341124095715,0.9551364007746778,0.946879387087558,0.9509899712946539,3
NBC,1,fl,10,3594,0.9468558708959377,0.9550845725188528,0.9465994764152709,0.9508230947042741,4
NBC,1,fl,10,3594,0.9488035614913745,0.9564447874298655,0.9485254464060282,0.952468655778256,5
CFA,1,fl,15,3574,0.9588696138780078,0.9615161189830335,0.9591209020594805,0.9603170169896713,2
CFA,1,fl,15,3574,0.9543928371572468,0.9607039537126326,0.9536674078207709,0.9571727488510131,3
CFA,1,fl,15,3574,0.9437604924454392,0.9527972296053977,0.9433762645892125,0.9480633434947054,4
CFA,1,fl,15,3574,0.9459988808058198,0.9543353444920202,0.9455944389243779,0.9499447847992991,5
NBC,1,fl,15,3574,0.9588696138780078,0.9632652372488582,0.9594547132423276,0.9613561993204508,2
NBC,1,fl,15,3574,0.9451594851706772,0.9542056074766355,0.9448036977334107,0.9494813783886785,3
NBC,1,fl,15,3574,0.9457190822607723,0.9545880149812734,0.9452877886057811,0.9499151386712033,4
NBC,1,fl,15,3574,0.9479574706211528,0.9561320754716981,0.9473732943409219,0.9517325335980674,5
CFA,1,fl,20,3554,0.9634214969048959,0.9664770425266617,0.9636803272722265,0.9650766587392106,2
CFA,1,fl,20,3554,0.9524479459763646,0.9592967244701349,0.9515274572794594,0.9553962962472076,3
CFA,1,fl,20,3554,0.9425998874507597,0.9518422736966488,0.9421004119276675,0.9469462882338315,4
CFA,1,fl,20,3554,0.9448508722566122,0.9533822502291357,0.9443476707244036,0.9488434548805502,5
NBC,1,fl,20,3554,0.9580754079909961,0.9631835788671578,0.958620527065443,0.9608966358060184,2
NBC,1,fl,20,3554,0.9406302757456387,0.9511574074074074,0.9404080509177564,0.9457521860311155,3
NBC,1,fl,20,3554,0.9414743950478335,0.9517177344475395,0.9411565087552599,0.946407658606559,4
NBC,1,fl,20,3554,0.9451322453573439,0.9541823308270676,0.9446386287196658,0.9493864958770818,5
CFA,1,fl,25,3534,0.9612337294850029,0.965467614766212,0.9616605607524078,0.9635603273295553,2
CFA,1,fl,25,3534,0.955291454442558,0.9613502935420744,0.9541826136584635,0.9577530433281924,3
CFA,1,fl,25,3534,0.944538766270515,0.9537735849056603,0.9440576773722832,0.9488907609460645,4
CFA,1,fl,25,3534,0.9479343520090548,0.9561068702290076,0.9472188997115878,0.9516421328685908,5
NBC,1,fl,25,3534,0.9578381437464629,0.9631157377618449,0.9585958763604738,0.9608504917092259,2
NBC,1,fl,25,3534,0.9383135257498585,0.949630314232902,0.9381477042051757,0.9438540871223302,3
NBC,1,fl,25,3534,0.9388794567062818,0.95,0.938636441635599,0.9442840346568596,4
NBC,1,fl,25,3534,0.9428409734012451,0.9526266416510318,0.9423626673242484,0.9474668577163122,5
