1,CFA,bl,2014,0.7656405163853028,0.767517225338572,0.7695752036508456,0.7685448368043846,1
1,NBC,bl,2014,0.7517378351539226,0.7529724273428552,0.7565017517094463,0.7547329635428589,1
1,CFA,bl,3268,0.8632190942472461,0.8666662868360655,0.8655547919159329,0.8661101827757441,2
1,NBC,bl,3268,0.8561811505507956,0.8642799118552449,0.8579574937906924,0.8611070978694204,2
1,CFA,bl,3498,0.9030874785591767,0.9070822260015815,0.9045990971319529,0.905838959852204,3
1,NBC,bl,3498,0.8942252715837622,0.9066177002317267,0.8946346928366938,0.9005863374709324,3
1,CFA,bl,3559,0.9148637257656645,0.9194334340741753,0.915741028117322,0.9175835165002072,4
1,NBC,bl,3559,0.9100871031188537,0.9228247512885815,0.909873750052009,0.9163034907068023,4
1,CFA,bl,3588,0.9280936454849499,0.9330721587626345,0.9285751796967672,0.9308182377980057,5
1,NBC,bl,3588,0.9177814938684504,0.9310365538525842,0.9172196687227157,0.9240764663067321,5
1,CFA,bl,3594,0.9485253199777407,0.9532078345005723,0.9488537660454974,0.9510258167561746,10
1,NBC,bl,3594,0.9323873121869783,0.9456894028103044,0.9322494087397856,0.9389213122377303,10
1,CFA,bl,3574,0.9541130386121992,0.9585658083535444,0.9546102929793319,0.9565839616278325,15
1,NBC,bl,3574,0.9325685506435366,0.9459641255605381,0.93258801567485,0.9392284487519639,15
1,CFA,bl,3554,0.9617332583005065,0.9654991673432753,0.9623210310403787,0.9639074795101865,20
1,NBC,bl,3554,0.9341586944288126,0.9469628286491387,0.9343053858799752,0.9405915267180359,20
1,CFA,bl,3534,0.9691567628749292,0.9719938335046249,0.969798378332344,0.9708948647909879,25
1,NBC,bl,3534,0.9326542161856254,0.9460072595281307,0.932802734387413,0.9393585953831698,25
1,CFA,by,2014,0.7656405163853028,0.767517225338572,0.7695752036508456,0.7685448368043846,1
1,NBC,by,2014,0.7552135054617676,0.7547595827832418,0.7598668989080719,0.7573046299180406,1
1,CFA,by,3268,0.8693390452876377,0.8722282829785717,0.8712467541819561,0.8717372422933203,2
1,NBC,by,3268,0.8748470012239902,0.8789266652481202,0.8763031894275752,0.8776129667326988,2
1,CFA,by,3498,0.9148084619782733,0.9187635586815958,0.9155125472939697,0.9171351719942922,3
1,NBC,by,3498,0.9128073184676958,0.9203956001393426,0.9133144825131931,0.9168413689831559,3
1,CFA,by,3559,0.9328463051418938,0.9379010980842358,0.9330319036069586,0.9354601646874248,4
1,NBC,by,3559,0.9275077268895757,0.9368049583410004,0.9275982467569741,0.9321788704656162,4
1,CFA,by,3588,0.9406354515050167,0.946517407115817,0.9405776730716786,0.943538192276331,5
1,NBC,by,3588,0.9392419175027871,0.9472012350664807,0.9391093921723266,0.9431379575380462,5
1,CFA,by,3594,0.9552031163049527,0.9606784206322037,0.9548597100069063,0.9577602277525028,10
1,NBC,by,3594,0.9440734557595993,0.9530309326983557,0.9440266899921224,0.9485074423615711,10
1,CFA,by,3574,0.9580302182428652,0.9631359755136017,0.9577318330159876,0.9604263022955168,15
1,NBC,by,3574,0.9415221040850588,0.9517543859649122,0.9413774653523921,0.9465374858853411,15
1,CFA,by,3554,0.9606077658975802,0.9650775695956122,0.9602249039413008,0.9626451212712095,20
1,NBC,by,3554,0.9400675295441756,0.9507855822550831,0.9401101760101352,0.9454177441296624,20
1,CFA,by,3534,0.9623655913978495,0.9666499498495487,0.9616836845590749,0.9641604220996225,25
1,NBC,by,3534,0.9371816638370118,0.9488950276243093,0.9370939634254075,0.9429575745468233,25
1,CFA,fl,2014,0.810824230387289,0.8095180552883098,0.815107279866816,0.8123030532281146,1
1,NBC,fl,2014,0.8128103277060575,0.8114558454048467,0.8150661156291239,0.81325697379239,1
1,CFA,fl,3268,0.8837209302325582,0.8880880452937555,0.8851398465952688,0.8866114950819902,2
1,NBC,fl,3268,0.8990208078335373,0.9030285696807439,0.9004846806730865,0.9017548310755183,2
1,CFA,fl,3498,0.9148084619782733,0.9214337344646815,0.9155533041526143,0.9184841073041187,3
1,NBC,fl,3498,0.9256718124642653,0.9329525168544581,0.9260925120162741,0.9295098574890176,3
1,CFA,fl,3559,0.9303175049171115,0.9360151438238786,0.9302933689742428,0.9331454854195561,4
1,NBC,fl,3559,0.9452093284630514,0.9506366834381612,0.9453786197187897,0.9480003607000657,4
1,CFA,fl,3588,0.9372909698996655,0.9443103969066108,0.9371165635595874,0.9406997270448776,5
1,NBC,fl,3588,0.9487179487179487,0.9542227846827989,0.9488056705968821,0.9515065175278508,5
1,CFA,fl,3594,0.9493600445186422,0.955955670747555,0.9489591615966375,0.9524445675293466,10
1,NBC,fl,3594,0.9482470784641068,0.9560542034614956,0.9479699017756374,0.9519948900381223,10
1,CFA,fl,3574,0.9507554560716285,0.9572696243971455,0.9501796191273564,0.9537114449569188,15
1,NBC,fl,3574,0.9471180749860101,0.9555503292568204,0.9466658008130738,0.951087316907429,15
1,CFA,fl,3554,0.9485087225661227,0.9559241025021787,0.9477920850043005,0.9518407251693562,20
1,NBC,fl,3554,0.9440067529544176,0.9534176029962547,0.9437035277438426,0.9485356952506659,20
1,CFA,fl,3534,0.9516129032258065,0.9586956521739131,0.950719823164756,0.9546910797315508,25
1,NBC,fl,3534,0.9405772495755518,0.9511173184357542,0.9403314516836337,0.9456936321988626,25
1,CFA,il,2014,0.7934458788480635,0.792664330177762,0.7980224539075452,0.7953343677991034,1
1,NBC,il,2014,0.7984111221449851,0.798628161375144,0.8020881320066295,0.8003544073034575,1
1,CFA,il,3268,0.8733170134638923,0.8744185644862932,0.8749613758612527,0.8746898859598803,2
1,NBC,il,3268,0.8876988984088128,0.8900461151504728,0.8883788028410106,0.8892116774248389,2
1,CFA,il,3498,0.9099485420240138,0.9110062265139989,0.910665813219396,0.9108359880604205,3
1,NBC,il,3498,0.9345340194396798,0.9365105885443483,0.9343715065479687,0.93543982468134,3
1,CFA,il,3559,0.9317223939308794,0.9327186393709722,0.9322990899661596,0.9325088174782094,4
1,NBC,il,3559,0.9477381286878337,0.9506288830067323,0.9475978934414151,0.949110968361005,4
1,CFA,il,3588,0.9448160535117057,0.9457700795393631,0.9450540913639653,0.9454119498919769,5
1,NBC,il,3588,0.9573578595317725,0.9598640085252841,0.9570775477362754,0.9584687529350445,5
1,CFA,il,3594,0.9741235392320534,0.9744226736797209,0.9741561582972412,0.9742893977622621,10
1,NBC,il,3594,0.9721758486366165,0.9736670126795021,0.972112960185016,0.9728893658381556,10
1,CFA,il,3574,0.983212087297146,0.9832756725554405,0.9833034553262798,0.9832895637446102,15
1,NBC,il,3574,0.9804141018466704,0.9810464273756461,0.9805179424556251,0.9807821137233986,15
1,CFA,il,3554,0.9879009566685425,0.9882127192982456,0.9880152481788155,0.9881139738725526,20
1,NBC,il,3554,0.9845244794597636,0.9851190476190477,0.9847951827217472,0.9849570885477987,20
1,CFA,il,3534,0.9917940011318619,0.9918468428958304,0.9918859499697965,0.9918663960473374,25
1,NBC,il,3534,0.9869835880022637,0.9873626373626374,0.9870811888839881,0.9872218930636775,25
1,CFA,in,2014,0.7651439920556107,0.766977221222015,0.769055453131095,0.768014931266401,1
1,NBC,in,2014,0.7517378351539226,0.7525431815865214,0.7562946266021292,0.7544142404586354,1
1,CFA,in,3268,0.8635250917992656,0.8670082492826864,0.865870847541723,0.8664391751366766,2
1,NBC,in,3268,0.8561811505507956,0.8640246492675734,0.8579574937906924,0.8609803831559321,2
1,CFA,in,3498,0.9028016009148084,0.906804271701781,0.904321319354175,0.9055610935332652,3
1,NBC,in,3498,0.8947970268724986,0.9070591168675095,0.8952349329327322,0.901108237853762,3
1,CFA,in,3559,0.9148637257656645,0.9193326639453674,0.9157839946294829,0.9175548981557162,4
1,NBC,in,3559,0.9109300365271144,0.9234418167487413,0.9107408923883457,0.9170473803562675,4
1,CFA,in,3588,0.9278149386845039,0.9327793757326115,0.9283010568897496,0.9305348282206641,5
1,NBC,in,3588,0.9172240802675585,0.9310015414458139,0.9165886690537317,0.9237388885385643,5
1,CFA,in,3594,0.9485253199777407,0.9532078345005723,0.9488537660454974,0.9510258167561746,10
1,NBC,in,3594,0.9321090706733445,0.9455145748505746,0.93195320020898,0.9386849090906763,10
1,CFA,in,3574,0.9541130386121992,0.9585658083535444,0.9546102929793319,0.9565839616278325,15
1,NBC,in,3574,0.9320089535534415,0.9456132497761862,0.931992068118235,0.9387532511755158,15
1,CFA,in,3554,0.9617332583005065,0.9654991673432753,0.9623210310403787,0.9639074795101865,20
1,NBC,in,3554,0.9335959482273495,0.9466063348416289,0.9337058654962822,0.9401118463186374,20
1,CFA,in,3534,0.9691567628749292,0.9719938335046249,0.969798378332344,0.9708948647909879,25
1,NBC,in,3534,0.9323712507074137,0.9458295557570263,0.9325011662330103,0.9391180727392217,25
2,CFA,bl,2134,0.8406747891283973,0.8435306715370228,0.8409031263947967,0.8422148496145244,1
2,NBC,bl,2134,0.8266166822867854,0.8281045641570988,0.8276955781484587,0.82790002064259,1
2,CFA,bl,3240,0.9429012345679012,0.9427056854370034,0.9428458763888331,0.9427757757013124,2
2,NBC,bl,3240,0.9376543209876543,0.9375971144211978,0.9365774479648319,0.9370870038123206,2
2,CFA,bl,3432,0.9761072261072261,0.9760967555106378,0.9761202989178605,0.9761085270722845,3
2,NBC,bl,3432,0.9737762237762237,0.974298934363422,0.9728210370538851,0.9735594248340055,3
2,CFA,bl,3487,0.9853742472039002,0.9854941586162741,0.9852603912731861,0.9853772610802003,4
2,NBC,bl,3487,0.9848006882707199,0.9854959986432238,0.9838398112849945,0.9846672085474413,4
2,CFA,bl,3508,0.9908779931584949,0.9910732154802088,0.9907476890234281,0.9909104255169421,5
2,NBC,bl,3508,0.9888825541619156,0.9894374040172993,0.9880646436158265,0.988750547338897,5
2,CFA,bl,3522,0.9997160704145373,0.9996936274509804,0.9997184684684685,0.9997060478054102,10
2,NBC,bl,3522,1.0,1.0,1.0,1.0,10
2,CFA,bl,3508,1.0,1.0,1.0,1.0,15
2,NBC,bl,3508,1.0,1.0,1.0,1.0,15
2,CFA,bl,3488,1.0,1.0,1.0,1.0,20
2,NBC,bl,3488,1.0,1.0,1.0,1.0,20
2,CFA,bl,3468,1.0,1.0,1.0,1.0,25
2,NBC,bl,3468,1.0,1.0,1.0,1.0,25
2,CFA,by,2134,0.8411433926897844,0.8439268843856471,0.8413933224732281,0.8426581990625588,1
2,NBC,by,2134,0.8228678537956888,0.8234485917142285,0.823471413273023,0.8234600023355053,1
2,CFA,by,3240,0.953395061728395,0.9529617691738246,0.9532668150992454,0.9531142677289121,2
2,NBC,by,3240,0.9549382716049383,0.9547257435815368,0.9545452870143273,0.9546355067699202,2
2,CFA,by,3432,0.9874708624708625,0.9874734294534472,0.9872282781459474,0.9873508385824208,3
2,NBC,by,3432,0.9851398601398601,0.9851021027253252,0.9848285289874041,0.9849652968601144,3
2,CFA,by,3487,0.9956983080011471,0.9955728881291048,0.9956454795590899,0.9956091825209086,4
2,NBC,by,3487,0.9948379696013765,0.9947225449079098,0.9946343807951821,0.9946784608979219,4
2,CFA,by,3508,0.9974344355758267,0.9973511576446688,0.9974102001497486,0.9973806780234156,5
2,NBC,by,3508,0.9985746864310148,0.9985807935436779,0.9984842894745537,0.9985325391774353,5
2,CFA,by,3522,1.0,1.0,1.0,1.0,10
2,NBC,by,3522,1.0,1.0,1.0,1.0,10
2,CFA,by,3508,1.0,1.0,1.0,1.0,15
2,NBC,by,3508,1.0,1.0,1.0,1.0,15
2,CFA,by,3488,1.0,1.0,1.0,1.0,20
2,NBC,by,3488,1.0,1.0,1.0,1.0,20
2,CFA,by,3468,1.0,1.0,1.0,1.0,25
2,NBC,by,3468,1.0,1.0,1.0,1.0,25
2,CFA,fl,2134,0.880037488284911,0.8804840177618956,0.8807530521896434,0.8806185144278476,1
2,NBC,fl,2134,0.8720712277413308,0.8724001079763919,0.8730263233700727,0.8727131033380138,1
2,CFA,fl,3240,0.9700617283950618,0.9696763294499211,0.9699962221730798,0.9698362494329877,2
2,NBC,fl,3240,0.9700617283950618,0.9698396870647754,0.9696373286156568,0.9697384972835192,2
2,CFA,fl,3432,0.9880536130536131,0.9879064413752029,0.9877753289052273,0.9878408807896967,3
2,NBC,fl,3432,0.9906759906759907,0.9906512555825913,0.9903671451196399,0.9905091799780703,3
2,CFA,fl,3487,0.9962718669343275,0.9962600622027076,0.9962006374150343,0.9962303489227041,4
2,NBC,fl,3487,0.9971322053340981,0.9970835941071634,0.9970402093779183,0.9970619012705956,4
2,CFA,fl,3508,0.9985746864310148,0.9985185185185186,0.9985742683013837,0.9985463926318104,5
2,NBC,fl,3508,0.999714937286203,0.999690976514215,0.9997219132369299,0.9997064446362319,5
2,CFA,fl,3522,1.0,1.0,1.0,1.0,10
2,NBC,fl,3522,1.0,1.0,1.0,1.0,10
2,CFA,fl,3508,1.0,1.0,1.0,1.0,15
2,NBC,fl,3508,1.0,1.0,1.0,1.0,15
2,CFA,fl,3488,1.0,1.0,1.0,1.0,20
2,NBC,fl,3488,1.0,1.0,1.0,1.0,20
2,CFA,fl,3468,1.0,1.0,1.0,1.0,25
2,NBC,fl,3468,1.0,1.0,1.0,1.0,25
2,CFA,il,2134,0.8673851921274601,0.868387066845983,0.8678822887416815,0.8681346044178512,1
2,NBC,il,2134,0.8589503280224929,0.8607418417397454,0.8603969880602855,0.8605693803519424,1
2,CFA,il,3240,0.9496913580246914,0.9494982311872509,0.9493603661560318,0.9494292936668541,2
2,NBC,il,3240,0.9574074074074074,0.9579828573448776,0.95649082599547,0.9572362602682024,2
2,CFA,il,3432,0.9758158508158508,0.9756231979128125,0.9757543502618449,0.9756887696799451,3
2,NBC,il,3432,0.9863053613053613,0.9864240472685974,0.9859759878201059,0.9861999666527308,3
2,CFA,il,3487,0.9868081445368512,0.9866708230572833,0.9867505079762341,0.9867106639079571,4
2,NBC,il,3487,0.9936908517350158,0.9938331895090783,0.9933011282965265,0.9935670876723045,4
2,CFA,il,3508,0.9937286202964652,0.9936485623553025,0.993610904302505,0.9936297329720986,5
2,NBC,il,3508,0.9951539338654504,0.99529628751543,0.9948402551313718,0.9950682190743387,5
2,CFA,il,3522,0.9988642816581488,0.9987789987789988,0.9988738738738738,0.9988264340734714,10
2,NBC,il,3522,0.9988642816581488,0.9988901220865705,0.9987730061349693,0.998831560677722,10
2,CFA,il,3508,1.0,1.0,1.0,1.0,15
2,NBC,il,3508,1.0,1.0,1.0,1.0,15
2,CFA,il,3488,1.0,1.0,1.0,1.0,20
2,NBC,il,3488,1.0,1.0,1.0,1.0,20
2,CFA,il,3468,1.0,1.0,1.0,1.0,25
2,NBC,il,3468,1.0,1.0,1.0,1.0,25
2,CFA,in,2134,0.8406747891283973,0.8435306715370228,0.8409031263947967,0.8422148496145244,1
2,NBC,in,2134,0.8266166822867854,0.8281639479599758,0.8276846568124153,0.8279242330199493,1
2,CFA,in,3240,0.9432098765432099,0.9430101766353509,0.9432079530376745,0.9431090544677476,2
2,NBC,in,3240,0.9373456790123457,0.9371761806193877,0.9362519768673019,0.9367138507782178,2
2,CFA,in,3432,0.9758158508158508,0.9757905646984594,0.9758306117799694,0.9758105878283332,3
2,NBC,in,3432,0.9737762237762237,0.974298934363422,0.9728210370538851,0.9735594248340055,3
2,CFA,in,3487,0.98508746773731,0.9851872394641102,0.9849759771662465,0.9850815969882594,4
2,NBC,in,3487,0.9848006882707199,0.9854959986432238,0.9838398112849945,0.9846672085474413,4
2,CFA,in,3508,0.9908779931584949,0.9910732154802088,0.9907476890234281,0.9909104255169421,5
2,NBC,in,3508,0.9891676168757126,0.9896965531494113,0.9883740495564205,0.9890348592514684,5
2,CFA,in,3522,0.9997160704145373,0.9996936274509804,0.9997184684684685,0.9997060478054102,10
2,NBC,in,3522,1.0,1.0,1.0,1.0,10
2,CFA,in,3508,1.0,1.0,1.0,1.0,15
2,NBC,in,3508,1.0,1.0,1.0,1.0,15
2,CFA,in,3488,1.0,1.0,1.0,1.0,20
2,NBC,in,3488,1.0,1.0,1.0,1.0,20
2,CFA,in,3468,1.0,1.0,1.0,1.0,25
2,NBC,in,3468,1.0,1.0,1.0,1.0,25
3,CFA,bl,2058,0.8493683187560739,0.8501670777698884,0.8496075057198191,0.8498871996382644,1
3,NBC,bl,2058,0.8362487852283771,0.8359504930023456,0.8369043972709032,0.8364271731664257,1
3,CFA,bl,3214,0.9477286869943995,0.9472720797030216,0.9483189187338614,0.9477952101603173,2
3,NBC,bl,3214,0.947417548226509,0.9468784751492585,0.947173452168407,0.9470259406891769,2
3,CFA,bl,3475,0.9755395683453237,0.9752811251779601,0.9755862092976746,0.9754336433827047,3
3,NBC,bl,3475,0.9772661870503597,0.9769753887518718,0.9770300575093154,0.9770027223658382,3
3,CFA,bl,3542,0.9875776397515528,0.9874319036542071,0.9875719682896337,0.987501931005322,4
3,NBC,bl,3542,0.9889892715979672,0.9890634908803513,0.9886750448947667,0.9888692297403819,4
3,CFA,bl,3570,0.9943977591036415,0.9944237733323497,0.9944013789750897,0.9944125760276384,5
3,NBC,bl,3570,0.9941176470588236,0.9942668946730951,0.9939447537370042,0.9941057981075306,5
3,CFA,bl,3586,0.9997211377579476,0.9997303128371089,0.9997282608695652,0.9997292868522841,10
3,NBC,bl,3586,0.9997211377579476,0.9997346072186837,0.9997300215982722,0.9997323144032194,10
3,CFA,bl,3569,1.0,1.0,1.0,1.0,15
3,NBC,bl,3569,1.0,1.0,1.0,1.0,15
3,CFA,bl,3549,1.0,1.0,1.0,1.0,20
3,NBC,bl,3549,1.0,1.0,1.0,1.0,20
3,CFA,bl,3529,1.0,1.0,1.0,1.0,25
3,NBC,bl,3529,1.0,1.0,1.0,1.0,25
3,CFA,by,2058,0.8513119533527697,0.8521290691282696,0.8516097399058371,0.8518693253667634,1
3,NBC,by,2058,0.8372206025267249,0.8360772867093758,0.8375481343393893,0.8368120642051036,1
3,CFA,by,3214,0.9564405724953329,0.9561888990765193,0.9563196454376954,0.9562542677879481,2
3,NBC,by,3214,0.9564405724953329,0.9560102463847375,0.9564969425564873,0.9562535325432208,2
3,CFA,by,3475,0.9853237410071942,0.9851685715760077,0.985136902475805,0.9851527367713946,3
3,NBC,by,3475,0.9876258992805755,0.9874760862538638,0.9874731168035611,0.98747460152648,3
3,CFA,by,3542,0.9949181253529079,0.9950722651587125,0.9947113433064279,0.9948917714992159,4
3,NBC,by,3542,0.9935064935064936,0.993701984795144,0.993278064551512,0.993489979451844,4
3,CFA,by,3570,0.9974789915966387,0.9975926499787671,0.9973379451844375,0.9974652813217553,5
3,NBC,by,3570,0.9974789915966387,0.9976176672234263,0.9973403236224697,0.9974789761444788,5
3,CFA,by,3586,1.0,1.0,1.0,1.0,10
3,NBC,by,3586,0.9997211377579476,0.9997346072186837,0.9996871088861077,0.9997108574882096,10
3,CFA,by,3569,1.0,1.0,1.0,1.0,15
3,NBC,by,3569,1.0,1.0,1.0,1.0,15
3,CFA,by,3549,1.0,1.0,1.0,1.0,20
3,NBC,by,3549,1.0,1.0,1.0,1.0,20
3,CFA,by,3529,1.0,1.0,1.0,1.0,25
3,NBC,by,3529,1.0,1.0,1.0,1.0,25
3,CFA,fl,2058,0.8887269193391643,0.8883431266054717,0.8892557617329114,0.8887992098916834,1
3,NBC,fl,2058,0.8780369290573372,0.876767986583833,0.878054232468901,0.8774106381314705,1
3,CFA,fl,3214,0.9682638456751711,0.9678367020269134,0.9680576936545262,0.9679471852270929,2
3,NBC,fl,3214,0.9729309271935284,0.9725746839458458,0.9728220646122322,0.9726983585503209,2
3,CFA,fl,3475,0.9910791366906475,0.9910456906892893,0.990956830621335,0.9910012586633591,3
3,NBC,fl,3475,0.9919424460431655,0.9918540553211082,0.9917220840570998,0.9917880652989488,3
3,CFA,fl,3542,0.9957651044607566,0.9958491981676033,0.995586200190248,0.9957176818125738,4
3,NBC,fl,3542,0.9977413890457368,0.9978335439593713,0.9975984460410914,0.9977159811508415,4
3,CFA,fl,3570,0.9980392156862745,0.9981337704163791,0.9978837967128218,0.9980087679117191,5
3,NBC,fl,3570,0.9980392156862745,0.9981417481861296,0.9978849859318378,0.9980133505444616,5
3,CFA,fl,3586,1.0,1.0,1.0,1.0,10
3,NBC,fl,3586,0.9994422755158952,0.9994697773064687,0.9993742177722152,0.9994219952551155,10
3,CFA,fl,3569,1.0,1.0,1.0,1.0,15
3,NBC,fl,3569,1.0,1.0,1.0,1.0,15
3,CFA,fl,3549,1.0,1.0,1.0,1.0,20
3,NBC,fl,3549,1.0,1.0,1.0,1.0,20
3,CFA,fl,3529,1.0,1.0,1.0,1.0,25
3,NBC,fl,3529,1.0,1.0,1.0,1.0,25
3,CFA,il,2058,0.8731778425655977,0.8726444006210343,0.8737637329929723,0.8732037080979091,1
3,NBC,il,2058,0.8644314868804664,0.8646582975972409,0.8651922100142213,0.8649251714106144,1
3,CFA,il,3214,0.948662103298071,0.9481196925303539,0.9487680753811693,0.9484437731425842,2
3,NBC,il,3214,0.9620410703173615,0.9618127390657454,0.9617991184493577,0.9618059287093295,2
3,CFA,il,3475,0.9761151079136691,0.9756586020495759,0.9761523818685869,0.9759054294995215,3
3,NBC,il,3475,0.9850359712230216,0.9850345986240928,0.9845509909405665,0.98479273541035,3
3,CFA,il,3542,0.9853190287972897,0.9850906961893982,0.9852810218470036,0.9851858498260633,4
3,NBC,il,3542,0.9923771880293619,0.9925794420315281,0.9919226196802433,0.9922509221597021,4
3,CFA,il,3570,0.9918767507002801,0.9918708648664891,0.9918239917726928,0.9918474277658045,5
3,NBC,il,3570,0.9955182072829132,0.9957145923040744,0.9950583527660086,0.9953863643734523,5
3,CFA,il,3586,1.0,1.0,1.0,1.0,10
3,NBC,il,3586,0.9983268265476855,0.9983994995925581,0.9981226533166458,0.9982610572602593,10
3,CFA,il,3569,1.0,1.0,1.0,1.0,15
3,NBC,il,3569,1.0,1.0,1.0,1.0,15
3,CFA,il,3549,1.0,1.0,1.0,1.0,20
3,NBC,il,3549,1.0,1.0,1.0,1.0,20
3,CFA,il,3529,1.0,1.0,1.0,1.0,25
3,NBC,il,3529,1.0,1.0,1.0,1.0,25
3,CFA,in,2058,0.8493683187560739,0.8502628288395625,0.8495535124113289,0.8499080226301056,1
3,NBC,in,2058,0.8352769679300291,0.8349663269932823,0.8358415047453172,0.8354036866579916,1
3,CFA,in,3214,0.947417548226509,0.9469581568172335,0.9480195175362566,0.9474885399472338,2
3,NBC,in,3214,0.9467952706907281,0.946297061984662,0.9465746497731975,0.9464358355249407,2
3,CFA,in,3475,0.9755395683453237,0.9752811251779601,0.9755862092976746,0.9754336433827047,3
3,NBC,in,3475,0.9769784172661871,0.9767023534037261,0.9767513507088694,0.9767268514418128,3
3,CFA,in,3542,0.98729531338227,0.9871203011812808,0.9872975445794251,0.9872089149247871,4
3,NBC,in,3542,0.9889892715979672,0.9890634908803513,0.9886750448947667,0.9888692297403819,4
3,CFA,in,3570,0.9943977591036415,0.9944237733323497,0.9944013789750897,0.9944125760276384,5
3,NBC,in,3570,0.9932773109243698,0.993455472235686,0.9930025426817278,0.9932289558227853,5
3,CFA,in,3586,0.9997211377579476,0.9997303128371089,0.9997282608695652,0.9997292868522841,10
3,NBC,in,3586,0.9991634132738427,0.9991983332239497,0.9991471520826519,0.9991727419978813,10
3,CFA,in,3569,1.0,1.0,1.0,1.0,15
3,NBC,in,3569,1.0,1.0,1.0,1.0,15
3,CFA,in,3549,1.0,1.0,1.0,1.0,20
3,NBC,in,3549,1.0,1.0,1.0,1.0,20
3,CFA,in,3529,1.0,1.0,1.0,1.0,25
3,NBC,in,3529,1.0,1.0,1.0,1.0,25
4,CFA,bl,2218,0.8462578899909828,0.8496070218906299,0.8463273644959692,0.8479640220350542,1
4,NBC,bl,2218,0.8309287646528404,0.832552914817196,0.8319815384533866,0.8322671285685471,1
4,CFA,bl,3422,0.9532437171244886,0.9533255949837207,0.9530112544256764,0.9531683987885058,2
4,NBC,bl,3422,0.9488603156049094,0.9488368577016171,0.9482134534727624,0.9485250531563711,2
4,CFA,bl,3610,0.9767313019390582,0.9766861130450266,0.9765946418349681,0.9766403752982207,3
4,NBC,bl,3610,0.9767313019390582,0.9767266286477483,0.9763676854485814,0.9765471240645502,3
4,CFA,bl,3635,0.9854195323246218,0.9853410532160861,0.9852875568216929,0.9853143042927598,4
4,NBC,bl,3635,0.9873452544704264,0.9872585340173299,0.9871096430701073,0.9871840829296405,4
4,CFA,bl,3637,0.9898267803134452,0.9896648633552777,0.989713525044872,0.9896891936019173,5
4,NBC,bl,3637,0.9942260104481716,0.9941184012942902,0.9941054169615119,0.9941119090855032,5
4,CFA,bl,3620,0.9986187845303868,0.9985772287302913,0.9985811577752554,0.9985791932489084,10
4,NBC,bl,3620,0.9997237569060774,0.9997096399535423,0.9997162315550511,0.9997129357434313,10
4,CFA,bl,3600,1.0,1.0,1.0,1.0,15
4,NBC,bl,3600,1.0,1.0,1.0,1.0,15
4,CFA,bl,3580,1.0,1.0,1.0,1.0,20
4,NBC,bl,3580,1.0,1.0,1.0,1.0,20
4,CFA,bl,3560,1.0,1.0,1.0,1.0,25
4,NBC,bl,3560,1.0,1.0,1.0,1.0,25
4,CFA,by,2218,0.8467087466185753,0.8500845913149837,0.8467737930673978,0.84842596228552,1
4,NBC,by,2218,0.8309287646528404,0.8309859617013178,0.8314091087920648,0.8311974813926274,1
4,CFA,by,3422,0.9614260666277031,0.9612770857170566,0.9612153220187545,0.9612462028757679,2
4,NBC,by,3422,0.9590882524839275,0.9587952326255352,0.9588113950604271,0.958803313774869,2
4,CFA,by,3610,0.9869806094182826,0.9867981441077766,0.9869331175294331,0.9868656262035327,3
4,NBC,by,3610,0.9883656509695291,0.9882555048942532,0.9882605087618317,0.9882580068217084,3
4,CFA,by,3635,0.994222833562586,0.9941374729644591,0.9941552647865943,0.9941463687959234,4
4,NBC,by,3635,0.9953232462173315,0.9952843633057066,0.9953253115000527,0.9953048369817135,4
4,CFA,by,3637,0.9978003849326368,0.9977571084766361,0.9978285884804233,0.9977928471983565,5
4,NBC,by,3637,0.9980753368160572,0.998040487548346,0.9980999309217853,0.998070208349979,5
4,CFA,by,3620,1.0,1.0,1.0,1.0,10
4,NBC,by,3620,1.0,1.0,1.0,1.0,10
4,CFA,by,3600,1.0,1.0,1.0,1.0,15
4,NBC,by,3600,1.0,1.0,1.0,1.0,15
4,CFA,by,3580,1.0,1.0,1.0,1.0,20
4,NBC,by,3580,1.0,1.0,1.0,1.0,20
4,CFA,by,3560,1.0,1.0,1.0,1.0,25
4,NBC,by,3560,1.0,1.0,1.0,1.0,25
4,CFA,fl,2218,0.8845807033363391,0.8851166528231555,0.8853907478180734,0.885253679104079,1
4,NBC,fl,2218,0.8710550045085663,0.8712297584652596,0.8715108916990801,0.8713703024064221,1
4,CFA,fl,3422,0.9710695499707773,0.9709166312085434,0.9708143372055179,0.9708654815125114,2
4,NBC,fl,3422,0.9693161893629456,0.969192327540194,0.9689629744457183,0.969077637422619,2
4,CFA,fl,3610,0.9894736842105263,0.9893078422775186,0.9893145759085353,0.989311209081569,3
4,NBC,fl,3610,0.992797783933518,0.9926800334065011,0.9927478789817205,0.9927139550349093,3
4,CFA,fl,3635,0.994222833562586,0.9941419342820378,0.9941647029308684,0.9941533184760881,4
4,NBC,fl,3635,0.9972489683631361,0.9971936934716462,0.9972135574578641,0.9972036253658341,4
4,CFA,fl,3637,0.9967005773989552,0.9966293842624652,0.9966600959228746,0.9966447398560746,5
4,NBC,fl,3637,0.9989001924663184,0.9988713045249675,0.9988845161106135,0.998877910274105,5
4,CFA,fl,3620,0.9997237569060774,0.9997096399535423,0.9997162315550511,0.9997129357434313,10
4,NBC,fl,3620,1.0,1.0,1.0,1.0,10
4,CFA,fl,3600,1.0,1.0,1.0,1.0,15
4,NBC,fl,3600,1.0,1.0,1.0,1.0,15
4,CFA,fl,3580,1.0,1.0,1.0,1.0,20
4,NBC,fl,3580,1.0,1.0,1.0,1.0,20
4,CFA,fl,3560,1.0,1.0,1.0,1.0,25
4,NBC,fl,3560,1.0,1.0,1.0,1.0,25
4,CFA,il,2218,0.8615870153291253,0.8619573932829803,0.8620838578496168,0.8620206209279854,1
4,NBC,il,2218,0.8624887285843101,0.86253678181912,0.8633735896396544,0.8629549828662084,1
4,CFA,il,3422,0.9503214494447692,0.9500681907880772,0.9499564386357412,0.9500123114254929,2
4,NBC,il,3422,0.9567504383401519,0.9570699286819766,0.9558900825441825,0.9564796417693765,2
4,CFA,il,3610,0.9795013850415513,0.9793178293680403,0.9795343979596557,0.979426101692053,3
4,NBC,il,3610,0.9847645429362881,0.9848261374250505,0.9845935109965699,0.9847098104719773,3
4,CFA,il,3635,0.9898211829436039,0.9896705102815585,0.9898344629274977,0.989752479814833,4
4,NBC,il,3635,0.9936726272352132,0.9936880734056909,0.9936315744746864,0.9936598231370645,4
4,CFA,il,3637,0.9928512510310695,0.9926843185564422,0.9928743849388304,0.9927793426506427,5
4,NBC,il,3637,0.9956007698652736,0.9955767642700123,0.9956650565421978,0.9956209084486518,5
4,CFA,il,3620,1.0,1.0,1.0,1.0,10
4,NBC,il,3620,0.9997237569060774,0.9997165532879819,0.9997443762781186,0.9997304645894683,10
4,CFA,il,3600,1.0,1.0,1.0,1.0,15
4,NBC,il,3600,1.0,1.0,1.0,1.0,15
4,CFA,il,3580,1.0,1.0,1.0,1.0,20
4,NBC,il,3580,1.0,1.0,1.0,1.0,20
4,CFA,il,3560,1.0,1.0,1.0,1.0,25
4,NBC,il,3560,1.0,1.0,1.0,1.0,25
4,CFA,in,2218,0.8467087466185753,0.8499624287485181,0.8467737930673978,0.8483651147446839,1
4,NBC,in,2218,0.8318304779080252,0.8334251898114255,0.8328587314358429,0.8331418643389953,1
4,CFA,in,3422,0.9532437171244886,0.9533255949837207,0.9530112544256764,0.9531683987885058,2
4,NBC,in,3422,0.9473991817650497,0.9474160751473334,0.9467349593997109,0.94707539481268,2
4,CFA,in,3610,0.9767313019390582,0.9766861130450266,0.9765946418349681,0.9766403752982207,3
4,NBC,in,3610,0.9753462603878116,0.9754130324018685,0.9749785741347491,0.9751957548795684,3
4,CFA,in,3635,0.9851444291609354,0.9850587693886931,0.985003788376744,0.9850312781155064,4
4,NBC,in,3635,0.9865199449793672,0.9864741055594402,0.9862774338666034,0.9863757599095179,4
4,CFA,in,3637,0.9898267803134452,0.9896648633552777,0.989713525044872,0.9896891936019173,5
4,NBC,in,3637,0.9947759142150123,0.9947258941558058,0.9946834516435928,0.9947046724469601,5
4,CFA,in,3620,0.9986187845303868,0.9985772287302913,0.9985811577752554,0.9985791932489084,10
4,NBC,in,3620,0.9997237569060774,0.9997446373850868,0.9997162315550511,0.9997304342682918,10
4,CFA,in,3600,1.0,1.0,1.0,1.0,15
4,NBC,in,3600,1.0,1.0,1.0,1.0,15
4,CFA,in,3580,1.0,1.0,1.0,1.0,20
4,NBC,in,3580,1.0,1.0,1.0,1.0,20
4,CFA,in,3560,1.0,1.0,1.0,1.0,25
4,NBC,in,3560,1.0,1.0,1.0,1.0,25
5,CFA,bl,2234,0.8531781557743957,0.8545271539357385,0.8532257128719078,0.8538759375039552,1
5,NBC,bl,2234,0.8370635631154879,0.8393377108329227,0.8378105872765419,0.8385734537952974,1
5,CFA,bl,3369,0.9477589789254972,0.9472800399417527,0.9475511165456227,0.947415558853431,2
5,NBC,bl,3369,0.9486494508756308,0.9488789293177586,0.9484442304987565,0.9486615301109781,2
5,CFA,bl,3518,0.9710062535531552,0.9707269919952586,0.970948175930606,0.9708375713649617,3
5,NBC,bl,3518,0.9781125639567936,0.9784070622738295,0.9780254671953303,0.9782162275202109,3
5,CFA,bl,3547,0.9853397237101776,0.9850314510284227,0.9853374114947443,0.9851844075066896,4
5,NBC,bl,3547,0.992106005074711,0.9922916657911389,0.9920288424685201,0.9921602367243502,4
5,CFA,bl,3550,0.991830985915493,0.9916326052552724,0.9917664794028945,0.9916995378110094,5
5,NBC,bl,3550,0.9974647887323944,0.9974967918361801,0.9974103683595379,0.9974535782258377,5
5,CFA,bl,3532,0.9997168742921857,0.999732905982906,0.9996943765281173,0.9997136408842756,10
5,NBC,bl,3532,1.0,1.0,1.0,1.0,10
5,CFA,bl,3512,1.0,1.0,1.0,1.0,15
5,NBC,bl,3512,1.0,1.0,1.0,1.0,15
5,CFA,bl,3492,1.0,1.0,1.0,1.0,20
5,NBC,bl,3492,1.0,1.0,1.0,1.0,20
5,CFA,bl,3472,1.0,1.0,1.0,1.0,25
5,NBC,bl,3472,1.0,1.0,1.0,1.0,25
5,CFA,by,2234,0.8531781557743957,0.8545054140030782,0.8532257128719078,0.8538650839606716,1
5,NBC,by,2234,0.8393017009847806,0.8395059942469411,0.8398244390233709,0.8396651864424455,1
5,CFA,by,3369,0.9560700504600772,0.9558154288054723,0.9556616800838013,0.9557385482612852,2
5,NBC,by,3369,0.9528049866429208,0.9524513124126694,0.9526650803295852,0.9525581843779697,2
5,CFA,by,3518,0.9837976122797044,0.9837554250510039,0.9837106043990493,0.9837330142144992,3
5,NBC,by,3518,0.9874928936895964,0.987583371516677,0.9873829231500234,0.9874831371611392,3
5,CFA,by,3547,0.9943614321962222,0.9942931593048367,0.9943268216593142,0.9943099901971658,4
5,NBC,by,3547,0.9954891457569778,0.9955389332073028,0.9954268067336205,0.9954828668131129,4
5,CFA,by,3550,0.9980281690140845,0.9980498010330241,0.9979520552365108,0.9980009257414226,5
5,NBC,by,3550,0.9988732394366198,0.9989023538373938,0.9988394827324243,0.9988709172955981,5
5,CFA,by,3532,1.0,1.0,1.0,1.0,10
5,NBC,by,3532,1.0,1.0,1.0,1.0,10
5,CFA,by,3512,1.0,1.0,1.0,1.0,15
5,NBC,by,3512,1.0,1.0,1.0,1.0,15
5,CFA,by,3492,1.0,1.0,1.0,1.0,20
5,NBC,by,3492,1.0,1.0,1.0,1.0,20
5,CFA,by,3472,1.0,1.0,1.0,1.0,25
5,NBC,by,3472,1.0,1.0,1.0,1.0,25
5,CFA,fl,2234,0.8764547896150403,0.8765195627302479,0.8766259219196469,0.8765727390986672,1
5,NBC,fl,2234,0.8657117278424351,0.8660624893352331,0.8656299808335857,0.865846181072624,1
5,CFA,fl,3369,0.9720985455624814,0.9719123648916921,0.9719553507188854,0.971933857330004,2
5,NBC,fl,3369,0.9682398337785693,0.9681723623869422,0.9679202906670411,0.9680463101176138,2
5,CFA,fl,3518,0.9917566799317794,0.9916688483643482,0.9917823203074956,0.9917255810900941,3
5,NBC,fl,3518,0.9897669130187606,0.989791353473412,0.9896701902322853,0.9897307681446355,3
5,CFA,fl,3547,0.9971807160981111,0.9971450930280784,0.997182641549164,0.9971638669351459,4
5,NBC,fl,3547,0.9963349309275444,0.9963820029504614,0.9962455126835149,0.9963137531423581,4
5,CFA,fl,3550,0.9991549295774648,0.9991506074765115,0.9991195408214701,0.9991350739074977,5
5,NBC,fl,3550,0.9988732394366198,0.998863804585055,0.9988016734720639,0.998832738062363,5
5,CFA,fl,3532,1.0,1.0,1.0,1.0,10
5,NBC,fl,3532,1.0,1.0,1.0,1.0,10
5,CFA,fl,3512,1.0,1.0,1.0,1.0,15
5,NBC,fl,3512,1.0,1.0,1.0,1.0,15
5,CFA,fl,3492,1.0,1.0,1.0,1.0,20
5,NBC,fl,3492,1.0,1.0,1.0,1.0,20
5,CFA,fl,3472,1.0,1.0,1.0,1.0,25
5,NBC,fl,3472,1.0,1.0,1.0,1.0,25
5,CFA,il,2234,0.8616830796777082,0.8616681254522708,0.8618733180482179,0.8617707095358582,1
5,NBC,il,2234,0.8513876454789615,0.8531152742197358,0.8517852030034941,0.8524497197867733,1
5,CFA,il,3369,0.9465716829919858,0.9462237593666987,0.9467687649027848,0.9464961836793252,2
5,NBC,il,3369,0.9525081626595429,0.9529146071948734,0.9518119527992746,0.9523629608313885,2
5,CFA,il,3518,0.973564525298465,0.9732350622617475,0.9734582431866403,0.9733466399307752,3
5,NBC,il,3518,0.980955088118249,0.98114459850033,0.9807106714584163,0.980927586990951,3
5,CFA,il,3547,0.9890047927826332,0.9888400296475944,0.9888117819775173,0.988825905610819,4
5,NBC,il,3547,0.9932337186354666,0.9933106143554785,0.9931091010263309,0.9932098474695951,4
5,CFA,il,3550,0.9940845070422535,0.993883563020444,0.9940497046776855,0.9939666269064147,5
5,NBC,il,3550,0.9966197183098592,0.9966841748208287,0.9964806389369125,0.9965823964866402,5
5,CFA,il,3532,0.9994337485843715,0.999390243902439,0.9994517543859649,0.9994209981977691,10
5,NBC,il,3532,1.0,1.0,1.0,1.0,10
5,CFA,il,3512,1.0,1.0,1.0,1.0,15
5,NBC,il,3512,1.0,1.0,1.0,1.0,15
5,CFA,il,3492,1.0,1.0,1.0,1.0,20
5,NBC,il,3492,1.0,1.0,1.0,1.0,20
5,CFA,il,3472,1.0,1.0,1.0,1.0,25
5,NBC,il,3472,1.0,1.0,1.0,1.0,25
5,CFA,in,2234,0.8531781557743957,0.8545271539357385,0.8532257128719078,0.8538759375039552,1
5,NBC,in,2234,0.8379588182632051,0.840528776949822,0.8386574595853635,0.8395920755516025,1
5,CFA,in,3369,0.9474621549421193,0.9469767630550988,0.9472310141128443,0.947103871520479,2
5,NBC,in,3369,0.948055802908875,0.9483157039689045,0.9478040256331995,0.9480597957614456,2
5,CFA,in,3518,0.9710062535531552,0.9707269919952586,0.970948175930606,0.9708375713649617,3
5,NBC,in,3518,0.9778283115406481,0.9781323186526654,0.9777194696433109,0.9779258505750791,3
5,CFA,in,3547,0.9853397237101776,0.9850314510284227,0.9853374114947443,0.9851844075066896,4
5,NBC,in,3547,0.9923879334649,0.9925923655395953,0.9922639040054363,0.9924281075949863,4
5,CFA,in,3550,0.991830985915493,0.9916326052552724,0.9917664794028945,0.9916995378110094,5
5,NBC,in,3550,0.9974647887323944,0.9974967918361801,0.9974103683595379,0.9974535782258377,5
5,CFA,in,3532,0.9997168742921857,0.999732905982906,0.9996943765281173,0.9997136408842756,10
5,NBC,in,3532,1.0,1.0,1.0,1.0,10
5,CFA,in,3512,1.0,1.0,1.0,1.0,15
5,NBC,in,3512,1.0,1.0,1.0,1.0,15
5,CFA,in,3492,1.0,1.0,1.0,1.0,20
5,NBC,in,3492,1.0,1.0,1.0,1.0,20
5,CFA,in,3472,1.0,1.0,1.0,1.0,25
5,NBC,in,3472,1.0,1.0,1.0,1.0,25
6,CFA,bl,2215,0.8455981941309255,0.8460253247184424,0.8461063334637928,0.84606582715202,1
6,NBC,bl,2215,0.8316027088036118,0.8337926146029269,0.8328520257992278,0.8333220547853804,1
6,CFA,bl,3425,0.9535766423357664,0.9536196861880887,0.9532855863189815,0.9534526069855047,2
6,NBC,bl,3425,0.9477372262773722,0.9484296264470811,0.9468636277170933,0.947645980123624,2
6,CFA,bl,3597,0.9777592438142897,0.9777444052464989,0.9776724920481691,0.9777084473249796,3
6,NBC,bl,3597,0.9755351681957186,0.975723136441518,0.9750245397485325,0.9753737130052084,3
6,CFA,bl,3627,0.989247311827957,0.9894062944480606,0.9892561125181815,0.9893311977836617,4
6,NBC,bl,3627,0.9862145023435346,0.986582722478099,0.9858534597132066,0.9862179562816128,4
6,CFA,bl,3633,0.9961464354527938,0.9961784130336074,0.9961885427950632,0.9961834778885841,5
6,NBC,bl,3633,0.9958711808422791,0.9959929563607681,0.9958176009368295,0.9959052709298105,5
6,CFA,bl,3618,1.0,1.0,1.0,1.0,10
6,NBC,bl,3618,1.0,1.0,1.0,1.0,10
6,CFA,bl,3598,1.0,1.0,1.0,1.0,15
6,NBC,bl,3598,1.0,1.0,1.0,1.0,15
6,CFA,bl,3578,1.0,1.0,1.0,1.0,20
6,NBC,bl,3578,1.0,1.0,1.0,1.0,20
6,CFA,bl,3558,1.0,1.0,1.0,1.0,25
6,NBC,bl,3558,1.0,1.0,1.0,1.0,25
6,CFA,by,2215,0.8451467268623025,0.8456001546504152,0.8456811633957657,0.8456406570830179,1
6,NBC,by,2215,0.8311512415349888,0.831408415653846,0.8320619898518331,0.8317350743588415,1
6,CFA,by,3425,0.9623357664233577,0.9622649624795725,0.9620335461570042,0.9621492404032138,2
6,NBC,by,3425,0.9588321167883211,0.9585783526941438,0.9585011381104598,0.9585397438473083,2
6,CFA,by,3597,0.9863775368362524,0.9863722348373613,0.9862724180585434,0.9863223239225635,3
6,NBC,by,3597,0.9858215179316097,0.9859880937418386,0.9856884443414817,0.9858382462717581,3
6,CFA,by,3627,0.9953129307968017,0.9953903887076272,0.9951983724587683,0.9952943713220583,4
6,NBC,by,3627,0.9950372208436724,0.9951018911696738,0.9949980231245603,0.995049954436557,4
6,CFA,by,3633,0.9986237269474264,0.9986299685163321,0.9986052382230342,0.9986176032165746,5
6,NBC,by,3633,0.9980732177263969,0.9981406169779925,0.998029821103515,0.9980852159659347,5
6,CFA,by,3618,1.0,1.0,1.0,1.0,10
6,NBC,by,3618,1.0,1.0,1.0,1.0,10
6,CFA,by,3598,1.0,1.0,1.0,1.0,15
6,NBC,by,3598,1.0,1.0,1.0,1.0,15
6,CFA,by,3578,1.0,1.0,1.0,1.0,20
6,NBC,by,3578,1.0,1.0,1.0,1.0,20
6,CFA,by,3558,1.0,1.0,1.0,1.0,25
6,NBC,by,3558,1.0,1.0,1.0,1.0,25
6,CFA,fl,2215,0.8785553047404063,0.8783768705194864,0.8795455318122364,0.8789608127046826,1
6,NBC,fl,2215,0.8672686230248307,0.8674965838111539,0.8682788422180732,0.867887536745205,1
6,CFA,fl,3425,0.9713868613138686,0.9713373284352596,0.9709589668976583,0.971148110813829,2
6,NBC,fl,3425,0.9667153284671532,0.966832876910233,0.9664333100637754,0.9666330521958293,2
6,CFA,fl,3597,0.9908256880733946,0.9907398570606927,0.9907533683105677,0.9907466126395655,3
6,NBC,fl,3597,0.9899916597164303,0.989990781468631,0.989998455050124,0.9899946182445077,3
6,CFA,fl,3627,0.9977943203749655,0.9978134209608376,0.9977673506538585,0.9977903852755546,4
6,NBC,fl,3627,0.9958643507030603,0.9959077575428978,0.995874011444716,0.9958908842079325,4
6,CFA,fl,3633,0.9991742361684558,0.9991466705071109,0.9991825416102802,0.9991646057367425,5
6,NBC,fl,3633,0.9988989815579411,0.9989575406586794,0.9988659236626037,0.9989117300599369,5
6,CFA,fl,3618,1.0,1.0,1.0,1.0,10
6,NBC,fl,3618,1.0,1.0,1.0,1.0,10
6,CFA,fl,3598,1.0,1.0,1.0,1.0,15
6,NBC,fl,3598,1.0,1.0,1.0,1.0,15
6,CFA,fl,3578,1.0,1.0,1.0,1.0,20
6,NBC,fl,3578,1.0,1.0,1.0,1.0,20
6,CFA,fl,3558,1.0,1.0,1.0,1.0,25
6,NBC,fl,3558,1.0,1.0,1.0,1.0,25
6,CFA,il,2215,0.8586907449209932,0.8586193853261005,0.8594733684475372,0.8590461646493917,1
6,NBC,il,2215,0.8532731376975169,0.854509207928006,0.8547852356433465,0.8546471994983227,1
6,CFA,il,3425,0.948905109489051,0.9485991836619777,0.9486366626869073,0.9486179228042521,2
6,NBC,il,3425,0.9567883211678833,0.9570564461076569,0.9561066581949327,0.9565813163906643,2
6,CFA,il,3597,0.9738671114817904,0.9735767509661233,0.9738688699947171,0.9737227885713291,3
6,NBC,il,3597,0.9797053099805393,0.9802448481046082,0.9791778608418595,0.979711063963735,3
6,CFA,il,3627,0.9867659222497932,0.9867895763134559,0.9868126765076706,0.9868011262753742,4
6,NBC,il,3627,0.9903501516404742,0.9906239398418811,0.9900194352871976,0.9903215953152831,4
6,CFA,il,3633,0.9931186347371318,0.9930417490376469,0.9931159170967392,0.9930788316823833,5
6,NBC,il,3633,0.9958711808422791,0.9959427511874834,0.9957206075545308,0.9958316669824191,5
6,CFA,il,3618,0.9994472084024323,0.9994033412887828,0.9994388327721662,0.9994210867153808,10
6,NBC,il,3618,1.0,1.0,1.0,1.0,10
6,CFA,il,3598,1.0,1.0,1.0,1.0,15
6,NBC,il,3598,1.0,1.0,1.0,1.0,15
6,CFA,il,3578,1.0,1.0,1.0,1.0,20
6,NBC,il,3578,1.0,1.0,1.0,1.0,20
6,CFA,il,3558,1.0,1.0,1.0,1.0,25
6,NBC,il,3558,1.0,1.0,1.0,1.0,25
6,CFA,in,2215,0.8451467268623025,0.8456001546504152,0.8456811633957657,0.8456406570830179,1
6,NBC,in,2215,0.8316027088036118,0.8335974631298739,0.8328037110187703,0.8332003980314843,1
6,CFA,in,3425,0.9527007299270073,0.9527651639479688,0.952364454479624,0.9525647670728113,2
6,NBC,in,3425,0.9474452554744526,0.9481868491152274,0.946566715603079,0.947376089701109,2
6,CFA,in,3597,0.9774812343619683,0.9774661436683315,0.977371649689565,0.9774188943950983,3
6,NBC,in,3597,0.9749791492910759,0.9752426131359648,0.9744228550313244,0.9748325617455278,3
6,CFA,in,3627,0.9889716018748277,0.9891549082554274,0.9889872953138804,0.9890710946835218,4
6,NBC,in,3627,0.984835952577888,0.9852199931548877,0.9843618129351637,0.9847907160831826,4
6,CFA,in,3633,0.9961464354527938,0.9961784130336074,0.9961885427950632,0.9961834778885841,5
6,NBC,in,3633,0.9947701624002202,0.9948946357316166,0.9946257058235994,0.9947601526015447,5
6,CFA,in,3618,1.0,1.0,1.0,1.0,10
6,NBC,in,3618,1.0,1.0,1.0,1.0,10
6,CFA,in,3598,1.0,1.0,1.0,1.0,15
6,NBC,in,3598,1.0,1.0,1.0,1.0,15
6,CFA,in,3578,1.0,1.0,1.0,1.0,20
6,NBC,in,3578,1.0,1.0,1.0,1.0,20
6,CFA,in,3558,1.0,1.0,1.0,1.0,25
6,NBC,in,3558,1.0,1.0,1.0,1.0,25
7,CFA,bl,2134,0.8570759137769447,0.859756973372749,0.8566416556021803,0.858196487287347,1
7,NBC,bl,2134,0.8392689784442362,0.8394516504324064,0.8396106802310831,0.8395311578006137,1
7,CFA,bl,3404,0.9559341950646298,0.9556393855986335,0.956356120914717,0.9559976189180978,2
7,NBC,bl,3404,0.9521151586368978,0.9517146007158426,0.952166860717022,0.9519406770000868,2
7,CFA,bl,3598,0.9788771539744302,0.9784778796442942,0.9792271614038912,0.9788523771360073,3
7,NBC,bl,3598,0.980822679266259,0.9804601007067553,0.9809954905825589,0.9807277225758809,3
7,CFA,bl,3643,0.9898435355476256,0.9895286802849929,0.9901514719048017,0.9898399781322538,4
7,NBC,bl,3643,0.9936865220971727,0.9934760190231959,0.9938339874847475,0.9936549710140546,4
7,CFA,bl,3654,0.9953475643130816,0.995119945541892,0.9955416088024784,0.9953307325136884,5
7,NBC,bl,3654,0.9972632731253421,0.997116043690419,0.9973270305879002,0.9972215259792845,5
7,CFA,bl,3648,1.0,1.0,1.0,1.0,10
7,NBC,bl,3648,1.0,1.0,1.0,1.0,10
7,CFA,bl,3628,1.0,1.0,1.0,1.0,15
7,NBC,bl,3628,1.0,1.0,1.0,1.0,15
7,CFA,bl,3608,1.0,1.0,1.0,1.0,20
7,NBC,bl,3608,1.0,1.0,1.0,1.0,20
7,CFA,bl,3588,1.0,1.0,1.0,1.0,25
7,NBC,bl,3588,1.0,1.0,1.0,1.0,25
7,CFA,by,2134,0.8570759137769447,0.859756973372749,0.8566416556021803,0.858196487287347,1
7,NBC,by,2134,0.8444236176194939,0.8445099630761396,0.8445159762407252,0.8445129696477285,1
7,CFA,by,3404,0.9626909518213866,0.9626949516219064,0.9629596159386979,0.9628272655924086,2
7,NBC,by,3404,0.963572267920094,0.9633054255491384,0.9636256498366779,0.9634655110849003,2
7,CFA,by,3598,0.9877709838799333,0.9875036759715992,0.9879024407897288,0.9877030181323883,3
7,NBC,by,3598,0.9902723735408561,0.9901034954024528,0.9903639038100178,0.9902336824858983,3
7,CFA,by,3643,0.9961570134504529,0.9960006359273524,0.9962173086705095,0.9961089605163151,4
7,NBC,by,3643,0.9961570134504529,0.9960194445669601,0.9962522571109209,0.9961358372359564,4
7,CFA,by,3654,0.9978106185002736,0.9976717112922002,0.9978910728910729,0.9977813800350099,5
7,NBC,by,3654,0.9989053092501369,0.9988304093567252,0.9989189189189189,0.99887466217713,5
7,CFA,by,3648,1.0,1.0,1.0,1.0,10
7,NBC,by,3648,1.0,1.0,1.0,1.0,10
7,CFA,by,3628,1.0,1.0,1.0,1.0,15
7,NBC,by,3628,1.0,1.0,1.0,1.0,15
7,CFA,by,3608,1.0,1.0,1.0,1.0,20
7,NBC,by,3608,1.0,1.0,1.0,1.0,20
7,CFA,by,3588,1.0,1.0,1.0,1.0,25
7,NBC,by,3588,1.0,1.0,1.0,1.0,25
7,CFA,fl,2134,0.887066541705717,0.8872157610098621,0.8870426996048533,0.8871292218671415,1
7,NBC,fl,2134,0.8828491096532334,0.8829460615670673,0.8830294013798736,0.8829877295069867,1
7,CFA,fl,3404,0.9732667450058754,0.9730979852077475,0.9733591958940162,0.9732285730239043,2
7,NBC,fl,3404,0.9762044653349001,0.976139769667554,0.9760216176959777,0.9760806901062704,2
7,CFA,fl,3598,0.9933296275708727,0.9932377767805772,0.9933923595468446,0.9933150621495488,3
7,NBC,fl,3598,0.9936075597554197,0.9935657972377225,0.9935607225546451,0.993563259889704,3
7,CFA,fl,3643,0.9978040076859731,0.9976967546314808,0.9978432949427537,0.997770019406603,4
7,NBC,fl,3643,0.9978040076859731,0.99777215614195,0.997778335312502,0.9977752457176593,4
7,CFA,fl,3654,0.9983579638752053,0.9982497082847142,0.9983961233961234,0.9983229104720694,5
7,NBC,fl,3654,1.0,1.0,1.0,1.0,5
7,CFA,fl,3648,1.0,1.0,1.0,1.0,10
7,NBC,fl,3648,1.0,1.0,1.0,1.0,10
7,CFA,fl,3628,1.0,1.0,1.0,1.0,15
7,NBC,fl,3628,1.0,1.0,1.0,1.0,15
7,CFA,fl,3608,1.0,1.0,1.0,1.0,20
7,NBC,fl,3608,1.0,1.0,1.0,1.0,20
7,CFA,fl,3588,1.0,1.0,1.0,1.0,25
7,NBC,fl,3588,1.0,1.0,1.0,1.0,25
7,CFA,il,2134,0.8701968134957826,0.870993659138911,0.8702427873206242,0.8706180613308799,1
7,NBC,il,2134,0.8645735707591378,0.8648087894647534,0.8649758941891308,0.8648923337554204,1
7,CFA,il,3404,0.9538777908343126,0.9535999539313512,0.9540319663343103,0.9538159112149251,2
7,NBC,il,3404,0.9656286721504113,0.9655243574738026,0.9651970508810551,0.9653606764340152,2
7,CFA,il,3598,0.9785992217898832,0.9782461561479514,0.9789036937353324,0.9785748144862061,3
7,NBC,il,3598,0.9874930516953864,0.9873439275117281,0.9872513036601795,0.9872976134135647,3
7,CFA,il,3643,0.9895690365083722,0.9892481345336369,0.9897664793431772,0.9895072390558003,4
7,NBC,il,3643,0.9958825144111996,0.9957537420509955,0.9958063913253239,0.9957800659922365,4
7,CFA,il,3654,0.9953475643130816,0.995140198896769,0.9955425880425881,0.9953413528009628,5
7,NBC,il,3654,0.9989053092501369,0.9988498943884245,0.9988954171562867,0.9988726552536903,5
7,CFA,il,3648,1.0,1.0,1.0,1.0,10
7,NBC,il,3648,1.0,1.0,1.0,1.0,10
7,CFA,il,3628,1.0,1.0,1.0,1.0,15
7,NBC,il,3628,1.0,1.0,1.0,1.0,15
7,CFA,il,3608,1.0,1.0,1.0,1.0,20
7,NBC,il,3608,1.0,1.0,1.0,1.0,20
7,CFA,il,3588,1.0,1.0,1.0,1.0,25
7,NBC,il,3588,1.0,1.0,1.0,1.0,25
7,CFA,in,2134,0.8570759137769447,0.859756973372749,0.8566416556021803,0.858196487287347,1
7,NBC,in,2134,0.8388003748828491,0.8389038808895969,0.8390274019640414,0.8389656368803111,1
7,CFA,in,3404,0.9556404230317274,0.9553534585831964,0.9560549160954399,0.9557040586272522,2
7,NBC,in,3404,0.9515276145710928,0.9511312795871885,0.9516034196657729,0.9513672910486206,2
7,CFA,in,3598,0.9788771539744302,0.9784778796442942,0.9792271614038912,0.9788523771360073,3
7,NBC,in,3598,0.9813785436353529,0.9810140778573777,0.981513132177373,0.9812635415646974,3
7,CFA,in,3643,0.9898435355476256,0.9895286802849929,0.9901514719048017,0.9898399781322538,4
7,NBC,in,3643,0.9936865220971727,0.9934760190231959,0.9938339874847475,0.9936549710140546,4
7,CFA,in,3654,0.9950738916256158,0.9948327219159362,0.9952600772709468,0.9950463537079933,5
7,NBC,in,3654,0.9972632731253421,0.997116043690419,0.9973270305879002,0.9972215259792845,5
7,CFA,in,3648,1.0,1.0,1.0,1.0,10
7,NBC,in,3648,1.0,1.0,1.0,1.0,10
7,CFA,in,3628,1.0,1.0,1.0,1.0,15
7,NBC,in,3628,1.0,1.0,1.0,1.0,15
7,CFA,in,3608,1.0,1.0,1.0,1.0,20
7,NBC,in,3608,1.0,1.0,1.0,1.0,20
7,CFA,in,3588,1.0,1.0,1.0,1.0,25
7,NBC,in,3588,1.0,1.0,1.0,1.0,25
8,CFA,bl,2142,0.880485527544351,0.880924612066221,0.8805489194185885,0.8807367256779465,1
8,NBC,bl,2142,0.8594771241830066,0.8611324729992201,0.8605320182189875,0.860832140900566,1
8,CFA,bl,3387,0.9666371420135813,0.9664164286872078,0.9665029466444989,0.9664596857295705,2
8,NBC,bl,3387,0.9586654856805432,0.9587349473807506,0.9582461936303918,0.9584905081992127,2
8,CFA,bl,3577,0.9874196253844003,0.9874078180369192,0.987400983665714,0.9874044008394905,3
8,NBC,bl,3577,0.9846239865809338,0.9845420599435988,0.9843524419998864,0.9844472418409932,3
8,CFA,bl,3608,0.9944567627494457,0.994486570704731,0.9944181876776422,0.9944523780156054,4
8,NBC,bl,3608,0.9936252771618626,0.9935952818640437,0.9934227536971193,0.9935090102904713,4
8,CFA,bl,3611,0.998338410412628,0.9983941159326268,0.9983333333333333,0.9983637237078352,5
8,NBC,bl,3611,0.9972306840210468,0.9972288944870819,0.9971026454794574,0.9971657659872409,5
8,CFA,bl,3592,1.0,1.0,1.0,1.0,10
8,NBC,bl,3592,1.0,1.0,1.0,1.0,10
8,CFA,bl,3572,1.0,1.0,1.0,1.0,15
8,NBC,bl,3572,1.0,1.0,1.0,1.0,15
8,CFA,bl,3552,1.0,1.0,1.0,1.0,20
8,NBC,bl,3552,1.0,1.0,1.0,1.0,20
8,CFA,bl,3532,1.0,1.0,1.0,1.0,25
8,NBC,bl,3532,1.0,1.0,1.0,1.0,25
8,CFA,by,2142,0.8800186741363212,0.8804484033408452,0.8800918810273636,0.8802701060849133,1
8,NBC,by,2142,0.8650793650793651,0.8652021598190802,0.865607443488621,0.8654047542035556,1
8,CFA,by,3387,0.9704753469146737,0.9703062101657631,0.9702570157497983,0.9702816123342272,2
8,NBC,by,3387,0.9669323885444346,0.9666578146070669,0.9664805955433526,0.9665691969519952,2
8,CFA,by,3577,0.9921722113502935,0.9921584362867217,0.9920115520811041,0.9920849887471385,3
8,NBC,by,3577,0.9918926474699469,0.991767507326541,0.9918158158357899,0.9917916609929088,3
8,CFA,by,3608,0.9991685144124168,0.9991217798594848,0.9991675915649278,0.999144685187079,4
8,NBC,by,3608,0.9977827050997783,0.9977145530358016,0.9977468001757002,0.99773067634519,4
8,CFA,by,3611,1.0,1.0,1.0,1.0,5
8,NBC,by,3611,0.9997230684021047,0.9997225305216426,0.9997069167643611,0.9997147235820372,5
8,CFA,by,3592,1.0,1.0,1.0,1.0,10
8,NBC,by,3592,1.0,1.0,1.0,1.0,10
8,CFA,by,3572,1.0,1.0,1.0,1.0,15
8,NBC,by,3572,1.0,1.0,1.0,1.0,15
8,CFA,by,3552,1.0,1.0,1.0,1.0,20
8,NBC,by,3552,1.0,1.0,1.0,1.0,20
8,CFA,by,3532,1.0,1.0,1.0,1.0,25
8,NBC,by,3532,1.0,1.0,1.0,1.0,25
8,CFA,fl,2142,0.9033613445378151,0.9029898777692895,0.9038773603056227,0.9034334010841845,1
8,NBC,fl,2142,0.8893557422969187,0.8892072538006252,0.8897076597139996,0.8894573863756218,1
8,CFA,fl,3387,0.9811042220253912,0.9809859364650053,0.9808925660031647,0.9809392490122238,2
8,NBC,fl,3387,0.9793327428402716,0.9791378268845797,0.9791749352910138,0.97915638073621,2
8,CFA,fl,3577,0.9952474140341068,0.9952498698523492,0.9952005142363111,0.9952251914324142,3
8,NBC,fl,3577,0.9941291585127201,0.9939961006675669,0.99412206494976,0.9940590788182063,3
8,CFA,fl,3608,0.9991685144124168,0.9991685749294446,0.9991512890103827,0.9991599318951502,4
8,NBC,fl,3608,0.9983370288248337,0.9982727281007295,0.99831804168696,0.998295384379638,4
8,CFA,fl,3611,1.0,1.0,1.0,1.0,5
8,NBC,fl,3611,1.0,1.0,1.0,1.0,5
8,CFA,fl,3592,1.0,1.0,1.0,1.0,10
8,NBC,fl,3592,1.0,1.0,1.0,1.0,10
8,CFA,fl,3572,1.0,1.0,1.0,1.0,15
8,NBC,fl,3572,1.0,1.0,1.0,1.0,15
8,CFA,fl,3552,1.0,1.0,1.0,1.0,20
8,NBC,fl,3552,1.0,1.0,1.0,1.0,20
8,CFA,fl,3532,1.0,1.0,1.0,1.0,25
8,NBC,fl,3532,1.0,1.0,1.0,1.0,25
8,CFA,il,2142,0.8832866479925303,0.8829049935338555,0.8837562981259137,0.8833304407199658,1
8,NBC,il,2142,0.8734827264239029,0.8740416954597647,0.8742859871844016,0.8741638242547889,1
8,CFA,il,3387,0.9613227044582227,0.9610655092565252,0.9609592480187547,0.9610123757002557,2
8,NBC,il,3387,0.9610274579273693,0.9616522036618267,0.9602512123776659,0.9609511973862352,2
8,CFA,il,3577,0.9865809337433603,0.9865621651290747,0.9864653069458873,0.9865137336600414,3
8,NBC,il,3577,0.9888174447861336,0.988978375310565,0.9886030918147529,0.9887906979540875,3
8,CFA,il,3608,0.996119733924612,0.9960856158300059,0.9961147707685262,0.9961001930859315,4
8,NBC,il,3608,0.9963968957871396,0.9964278803948006,0.9962098484201958,0.9963188524791026,4
8,CFA,il,3611,0.9988922736084187,0.9988444105810182,0.9988735834310277,0.9988589967930162,5
8,NBC,il,3611,0.9975076156189421,0.9975258119321906,0.9973760045059501,0.9974509025941657,5
8,CFA,il,3592,1.0,1.0,1.0,1.0,10
8,NBC,il,3592,1.0,1.0,1.0,1.0,10
8,CFA,il,3572,1.0,1.0,1.0,1.0,15
8,NBC,il,3572,1.0,1.0,1.0,1.0,15
8,CFA,il,3552,1.0,1.0,1.0,1.0,20
8,NBC,il,3552,1.0,1.0,1.0,1.0,20
8,CFA,il,3532,1.0,1.0,1.0,1.0,25
8,NBC,il,3532,1.0,1.0,1.0,1.0,25
8,CFA,in,2142,0.880485527544351,0.8808773020865106,0.8805489194185885,0.8807130801423612,1
8,NBC,in,2142,0.8580765639589168,0.8597530141377128,0.8591675388114287,0.8594601767662517,1
8,CFA,in,3387,0.9666371420135813,0.9664164286872078,0.9665029466444989,0.9664596857295705,2
8,NBC,in,3387,0.95837023914969,0.9584866799475498,0.957930935118412,0.958208726952341,2
8,CFA,in,3577,0.987699189264747,0.9877010192675704,0.9876646967458828,0.987682857672782,3
8,NBC,in,3577,0.9851831143416271,0.9851056481269844,0.9849815860625748,0.985043613188507,3
8,CFA,in,3608,0.9944567627494457,0.994486570704731,0.9944181876776422,0.9944523780156054,4
8,NBC,in,3608,0.9947339246119734,0.9946964530513396,0.9945978418287292,0.994647144995908,4
8,CFA,in,3611,0.998338410412628,0.9983941159326268,0.9983333333333333,0.9983637237078352,5
8,NBC,in,3611,0.9975076156189421,0.9975018485539622,0.9973957287150963,0.9974487858119733,5
8,CFA,in,3592,1.0,1.0,1.0,1.0,10
8,NBC,in,3592,1.0,1.0,1.0,1.0,10
8,CFA,in,3572,1.0,1.0,1.0,1.0,15
8,NBC,in,3572,1.0,1.0,1.0,1.0,15
8,CFA,in,3552,1.0,1.0,1.0,1.0,20
8,NBC,in,3552,1.0,1.0,1.0,1.0,20
8,CFA,in,3532,1.0,1.0,1.0,1.0,25
8,NBC,in,3532,1.0,1.0,1.0,1.0,25
9,CFA,bl,2204,0.8652450090744102,0.8657985657493125,0.8646775952024813,0.8652377174038722,1
9,NBC,bl,2204,0.8539019963702359,0.855079661289595,0.8546368741849218,0.8548582104001455,1
9,CFA,bl,3428,0.9594515752625438,0.9591303571150703,0.9596003476471859,0.9593652948193506,2
9,NBC,bl,3428,0.955950991831972,0.9559872843513887,0.9555701172013942,0.9557786552563274,2
9,CFA,bl,3620,0.9812154696132597,0.981012575040111,0.9813317283498828,0.9811721257416423,3
9,NBC,bl,3620,0.9842541436464088,0.9843420168803585,0.9840286918228943,0.9841853294141004,3
9,CFA,bl,3663,0.9907179907179907,0.9906596751741794,0.9907724107105232,0.9907160397352514,4
9,NBC,bl,3663,0.9948129948129948,0.9948447227223636,0.9947014428157249,0.9947730776097944,4
9,CFA,bl,3674,0.9942841589548176,0.9943368893109807,0.9942363103344825,0.9942865972791666,5
9,NBC,bl,3674,0.9964616222101252,0.996515827675424,0.9964252432160089,0.9964705333870645,5
9,CFA,bl,3655,0.9991792065663475,0.9991847826086957,0.9991349480968859,0.9991598647313991,10
9,NBC,bl,3655,0.999452804377565,0.999455930359086,0.9994232987312572,0.9994396142788166,10
9,CFA,bl,3635,1.0,1.0,1.0,1.0,15
9,NBC,bl,3635,1.0,1.0,1.0,1.0,15
9,CFA,bl,3615,1.0,1.0,1.0,1.0,20
9,NBC,bl,3615,1.0,1.0,1.0,1.0,20
9,CFA,bl,3595,1.0,1.0,1.0,1.0,25
9,NBC,bl,3595,1.0,1.0,1.0,1.0,25
9,CFA,by,2204,0.8652450090744102,0.8657688280517579,0.8646474182590862,0.8652077597862253,1
9,NBC,by,2204,0.8584392014519057,0.8586091138820025,0.8586104915854668,0.8586098027331821,1
9,CFA,by,3428,0.9620770128354725,0.9620296754406539,0.9619565620783397,0.9619931173703071,2
9,NBC,by,3428,0.9652858809801633,0.9654250963130451,0.9649581401045163,0.9651915617308501,2
9,CFA,by,3620,0.987292817679558,0.9873671258274148,0.9872403479007759,0.987303732794263,3
9,NBC,by,3620,0.9922651933701657,0.9923617932761362,0.992273103415424,0.9923174463640827,3
9,CFA,by,3663,0.9959049959049959,0.9959532345742115,0.9958510086915296,0.9959021190095879,4
9,NBC,by,3663,0.9975429975429976,0.9975632486918882,0.9975212975380225,0.9975422726738965,4
9,CFA,by,3674,0.9994556341861731,0.9994748205958499,0.9994266055045872,0.9994507124687253,5
9,NBC,by,3674,0.9991834512792597,0.9992040324609133,0.9992041377828434,0.9992040851218755,5
9,CFA,by,3655,1.0,1.0,1.0,1.0,10
9,NBC,by,3655,1.0,1.0,1.0,1.0,10
9,CFA,by,3635,1.0,1.0,1.0,1.0,15
9,NBC,by,3635,1.0,1.0,1.0,1.0,15
9,CFA,by,3615,1.0,1.0,1.0,1.0,20
9,NBC,by,3615,1.0,1.0,1.0,1.0,20
9,CFA,by,3595,1.0,1.0,1.0,1.0,25
9,NBC,by,3595,1.0,1.0,1.0,1.0,25
9,CFA,fl,2204,0.8924682395644283,0.8921270042892349,0.892682386625994,0.892404609047956,1
9,NBC,fl,2204,0.8861161524500908,0.8857079438632255,0.8863385794294606,0.8860231494311127,1
9,CFA,fl,3428,0.9702450408401401,0.970055561503552,0.970075538602216,0.9700655499500341,2
9,NBC,fl,3428,0.9769544924154026,0.9769257180024201,0.9767991895542709,0.9768624496811853,2
9,CFA,fl,3620,0.9892265193370166,0.9892370760143514,0.9890833153091299,0.9891601896863803,3
9,NBC,fl,3620,0.9966850828729282,0.9967616786537323,0.9966267123506771,0.9966941909331245,3
9,CFA,fl,3663,0.9964509964509964,0.9964786223044405,0.9964039624793245,0.9964412909933833,4
9,NBC,fl,3663,0.9980889980889981,0.9981596737988087,0.9980488242845302,0.9981042459639311,4
9,CFA,fl,3674,0.9986390854654328,0.9986562102679386,0.9986069293356301,0.9986315691937998,5
9,NBC,fl,3674,0.9994556341861731,0.9994918699186992,0.9994266055045872,0.9994592366462062,5
9,CFA,fl,3655,0.9997264021887825,0.9997206703910615,0.9997441146366428,0.9997323923764072,10
9,NBC,fl,3655,1.0,1.0,1.0,1.0,10
9,CFA,fl,3635,1.0,1.0,1.0,1.0,15
9,NBC,fl,3635,1.0,1.0,1.0,1.0,15
9,CFA,fl,3615,1.0,1.0,1.0,1.0,20
9,NBC,fl,3615,1.0,1.0,1.0,1.0,20
9,CFA,fl,3595,1.0,1.0,1.0,1.0,25
9,NBC,fl,3595,1.0,1.0,1.0,1.0,25
9,CFA,il,2204,0.8765880217785844,0.8761327543361439,0.8766090545367502,0.8763708397201608,1
9,NBC,il,2204,0.8743194192377496,0.8759733852697289,0.8751644647605363,0.8755687381787878,1
9,CFA,il,3428,0.9577012835472579,0.9575668030122325,0.9576006679229023,0.9575837351681596,2
9,NBC,il,3428,0.9641190198366394,0.9645432259847596,0.9635829648677613,0.9640628563077273,2
9,CFA,il,3620,0.9806629834254144,0.9805993366893606,0.9807515992768392,0.9806754620729145,3
9,NBC,il,3620,0.9881215469613259,0.9884540289451713,0.9878472169895164,0.9881505298082797,3
9,CFA,il,3663,0.9888069888069888,0.9888928396081533,0.9888650571894598,0.9888789482036708,4
9,NBC,il,3663,0.995085995085995,0.9952387337695026,0.9948806215195533,0.9950596454242534,4
9,CFA,il,3674,0.9956450734893849,0.9957055432154776,0.9956697621405483,0.9956876523565553,5
9,NBC,il,3674,0.9970059880239521,0.997089439220818,0.9968618778483154,0.9969756455492501,5
9,CFA,il,3655,0.9997264021887825,0.9997206703910615,0.9997441146366428,0.9997323923764072,10
9,NBC,il,3655,1.0,1.0,1.0,1.0,10
9,CFA,il,3635,1.0,1.0,1.0,1.0,15
9,NBC,il,3635,1.0,1.0,1.0,1.0,15
9,CFA,il,3615,1.0,1.0,1.0,1.0,20
9,NBC,il,3615,1.0,1.0,1.0,1.0,20
9,CFA,il,3595,1.0,1.0,1.0,1.0,25
9,NBC,il,3595,1.0,1.0,1.0,1.0,25
9,CFA,in,2204,0.8643375680580763,0.8648597466216051,0.863789495735341,0.8643242898686471,1
9,NBC,in,2204,0.8539019963702359,0.8549326095587313,0.8546369903433119,0.8547847743917462,1
9,CFA,in,3428,0.9594515752625438,0.9591324247012372,0.9595781005276409,0.9593552108539104,2
9,NBC,in,3428,0.95536756126021,0.9554285257969591,0.9549255753096768,0.9551769843459085,2
9,CFA,in,3620,0.980110497237569,0.9799274727498574,0.9802900616832162,0.980108733681806,3
9,NBC,in,3620,0.9828729281767956,0.9830032805439972,0.9826000508571623,0.9828016243407138,3
9,CFA,in,3663,0.9904449904449905,0.990391606622443,0.9905167869886419,0.9904541928502549,4
9,NBC,in,3663,0.995085995085995,0.9951373534383847,0.9949731819461597,0.995055260920719,4
9,CFA,in,3674,0.9942841589548176,0.9943368893109807,0.9942363103344825,0.9942865972791666,5
9,NBC,in,3674,0.9964616222101252,0.996515827675424,0.9964252432160089,0.9964705333870645,5
9,CFA,in,3655,0.9991792065663475,0.9991847826086957,0.9991349480968859,0.9991598647313991,10
9,NBC,in,3655,0.9991792065663475,0.9991847826086957,0.9991349480968859,0.9991598647313991,10
9,CFA,in,3635,1.0,1.0,1.0,1.0,15
9,NBC,in,3635,1.0,1.0,1.0,1.0,15
9,CFA,in,3615,1.0,1.0,1.0,1.0,20
9,NBC,in,3615,1.0,1.0,1.0,1.0,20
9,CFA,in,3595,1.0,1.0,1.0,1.0,25
9,NBC,in,3595,1.0,1.0,1.0,1.0,25
10,CFA,bl,2133,0.8720112517580872,0.8724740899283889,0.8714653945905013,0.8719694505445393,1
10,NBC,bl,2133,0.8574777308954524,0.8577765299656399,0.857338461844753,0.8575574399603534,1
10,CFA,bl,3349,0.9665571812481337,0.9661442774312305,0.9665102026137914,0.9663272053807164,2
10,NBC,bl,3349,0.9575992833681696,0.9575472183678555,0.9572118744972627,0.9573795170671126,2
10,CFA,bl,3546,0.9856175972927242,0.9854639313863593,0.9857759858450792,0.9856199339160405,3
10,NBC,bl,3546,0.9808234630569655,0.9810627268429758,0.9804882292591699,0.9807753939218605,3
10,CFA,bl,3578,0.9935718278367803,0.9935009372624426,0.993615860716739,0.9935583956663335,4
10,NBC,bl,3578,0.9896590273896031,0.9898234710808433,0.9892718254565419,0.989547571386873,4
10,CFA,bl,3585,0.996931659693166,0.996858208348087,0.9969711585785076,0.9969146802639878,5
10,NBC,bl,3585,0.9944211994421199,0.9944911820259197,0.9940467537292338,0.9942689182138245,5
10,CFA,bl,3571,1.0,1.0,1.0,1.0,10
10,NBC,bl,3571,0.9997199663959675,0.9997191011235955,0.9996973365617433,0.9997082187242109,10
10,CFA,bl,3551,1.0,1.0,1.0,1.0,15
10,NBC,bl,3551,1.0,1.0,1.0,1.0,15
10,CFA,bl,3531,1.0,1.0,1.0,1.0,20
10,NBC,bl,3531,1.0,1.0,1.0,1.0,20
10,CFA,bl,3511,1.0,1.0,1.0,1.0,25
10,NBC,bl,3511,1.0,1.0,1.0,1.0,25
10,CFA,by,2133,0.8715424285044538,0.8720450961795628,0.8709713234442563,0.8715078790669223,1
10,NBC,by,2133,0.8607594936708861,0.8601794918646788,0.8603254771252655,0.8602524783015298,1
10,CFA,by,3349,0.9758136757240967,0.9755758120111543,0.9756454094036948,0.9756106094662027,2
10,NBC,by,3349,0.9722305165721111,0.9721374797234663,0.9719343475016081,0.9720359030000951,2
10,CFA,by,3546,0.9929498025944726,0.9928244546478742,0.9929571942240625,0.9928908199994798,3
10,NBC,by,3546,0.9898477157360406,0.9897144191375887,0.9898012941182046,0.9897578547215561,3
10,CFA,by,3578,0.9988820570150923,0.998859341308033,0.9988743345018388,0.9988668378486733,4
10,NBC,by,3578,0.9972051425377306,0.9972105495287944,0.997130239685455,0.9971703929901315,4
10,CFA,by,3585,1.0,1.0,1.0,1.0,5
10,NBC,by,3585,0.999721059972106,0.9997362869198312,0.9997203579418344,0.9997283223673825,5
10,CFA,by,3571,1.0,1.0,1.0,1.0,10
10,NBC,by,3571,1.0,1.0,1.0,1.0,10
10,CFA,by,3551,1.0,1.0,1.0,1.0,15
10,NBC,by,3551,1.0,1.0,1.0,1.0,15
10,CFA,by,3531,1.0,1.0,1.0,1.0,20
10,NBC,by,3531,1.0,1.0,1.0,1.0,20
10,CFA,by,3511,1.0,1.0,1.0,1.0,25
10,NBC,by,3511,1.0,1.0,1.0,1.0,25
10,CFA,fl,2133,0.8968588842006564,0.8971678358028725,0.8965422737217615,0.8968549456789386,1
10,NBC,fl,2133,0.8842006563525551,0.883910043343451,0.8837761478458536,0.8838430905236152,1
10,CFA,fl,3349,0.9826813974320693,0.9826731376751827,0.9824566086204336,0.9825648612186133,2
10,NBC,fl,3349,0.9811884144520753,0.9810991464258658,0.9809548830151478,0.9810270094168986,2
10,CFA,fl,3546,0.9949238578680203,0.9948539686878047,0.9949007257631322,0.9948773466760982,3
10,NBC,fl,3546,0.9954878736604625,0.9955362065099603,0.9954099954710812,0.9954730969901047,3
10,CFA,fl,3578,0.9988820570150923,0.9988696072569052,0.9988376799471121,0.998853643346878,4
10,NBC,fl,3578,0.9986025712688653,0.9986328688948822,0.9985577247399452,0.998595295403767,4
10,CFA,fl,3585,1.0,1.0,1.0,1.0,5
10,NBC,fl,3585,1.0,1.0,1.0,1.0,5
10,CFA,fl,3571,1.0,1.0,1.0,1.0,10
10,NBC,fl,3571,1.0,1.0,1.0,1.0,10
10,CFA,fl,3551,1.0,1.0,1.0,1.0,15
10,NBC,fl,3551,1.0,1.0,1.0,1.0,15
10,CFA,fl,3531,1.0,1.0,1.0,1.0,20
10,NBC,fl,3531,1.0,1.0,1.0,1.0,20
10,CFA,fl,3511,1.0,1.0,1.0,1.0,25
10,NBC,fl,3511,1.0,1.0,1.0,1.0,25
10,CFA,il,2133,0.8823253633380216,0.8823440117140082,0.8821189403928098,0.882231461698588,1
10,NBC,il,2133,0.8762306610407876,0.8760940577033848,0.8760980043432172,0.8760960310188562,1
10,CFA,il,3349,0.9668557778441326,0.9665819635815739,0.9666978792435819,0.9666399179375402,2
10,NBC,il,3349,0.9659599880561361,0.9663841544087802,0.9651633817795113,0.9657733823190653,2
10,CFA,il,3546,0.9861816130851664,0.9859453602131197,0.9861213945434639,0.9860333695215381,3
10,NBC,il,3546,0.9873096446700508,0.987568790397338,0.9869569982021357,0.9872627995200961,3
10,CFA,il,3578,0.9946897708216881,0.9945092961408037,0.9946830073110109,0.9945961441410271,4
10,NBC,il,3578,0.9935718278367803,0.9937075132146997,0.9932980611544813,0.9935027449977463,4
10,CFA,il,3585,0.997768479776848,0.9976470824089172,0.9978060732374818,0.9977265714892789,5
10,NBC,il,3585,0.9955369595536959,0.9956136984262115,0.9952445733691069,0.9954291016779184,5
10,CFA,il,3571,1.0,1.0,1.0,1.0,10
10,NBC,il,3571,0.9977597311677401,0.9977703455964325,0.9975786924939467,0.9976745098410575,10
10,CFA,il,3551,1.0,1.0,1.0,1.0,15
10,NBC,il,3551,1.0,1.0,1.0,1.0,15
10,CFA,il,3531,1.0,1.0,1.0,1.0,20
10,NBC,il,3531,1.0,1.0,1.0,1.0,20
10,CFA,il,3511,1.0,1.0,1.0,1.0,25
10,NBC,il,3511,1.0,1.0,1.0,1.0,25
10,CFA,in,2133,0.8710736052508204,0.8715767883935999,0.8705184248935316,0.8710472851533022,1
10,NBC,in,2133,0.8579465541490858,0.858193462987919,0.8577921793801986,0.8579927742639303,1
10,CFA,in,3349,0.966258584652135,0.9658510068548447,0.96622185197942,0.9660363938268319,2
10,NBC,in,3349,0.9567034935801731,0.9566448823754878,0.9562869240522117,0.9564658697222843,2
10,CFA,in,3546,0.9856175972927242,0.9854639313863593,0.9857759858450792,0.9856199339160405,3
10,NBC,in,3546,0.9811054709531867,0.9813819432604943,0.9807691281355744,0.9810754400014331,3
10,CFA,in,3578,0.9935718278367803,0.9935009372624426,0.993615860716739,0.9935583956663335,4
10,NBC,in,3578,0.9896590273896031,0.9898658805507664,0.9892872303991584,0.9895764708842361,4
10,CFA,in,3585,0.996931659693166,0.996858208348087,0.9969711585785076,0.9969146802639878,5
10,NBC,in,3585,0.993863319386332,0.9939488835247406,0.9934450690120256,0.9936969124086076,5
10,CFA,in,3571,1.0,1.0,1.0,1.0,10
10,NBC,in,3571,0.9991598991879026,0.9991591928251121,0.99909200968523,0.9991256001257901,10
10,CFA,in,3551,1.0,1.0,1.0,1.0,15
10,NBC,in,3551,1.0,1.0,1.0,1.0,15
10,CFA,in,3531,1.0,1.0,1.0,1.0,20
10,NBC,in,3531,1.0,1.0,1.0,1.0,20
10,CFA,in,3511,1.0,1.0,1.0,1.0,25
10,NBC,in,3511,1.0,1.0,1.0,1.0,25
