CFA,5,fl,1,2234,0.8164726947179947,0.8172761434120018,0.8165382292384963,0.8169070196853491,2
CFA,5,fl,1,2234,0.8639212175470009,0.864787349040348,0.8638232595175185,0.864305035430471,3
CFA,5,fl,1,2234,0.8661593554162936,0.8670216857249331,0.8660016385483675,0.8665113619398128,4
CFA,5,fl,1,2234,0.8670546105640108,0.8678543119630475,0.8668757644224935,0.8673647621972995,5
NBC,5,fl,1,2234,0.8312444046553268,0.8318525355157336,0.8312358258119273,0.8315440663190766,2
NBC,5,fl,1,2234,0.8572068039391226,0.8581067677953433,0.8572038886791891,0.8576550906153825,3
NBC,5,fl,1,2234,0.8563115487914056,0.8573677168044783,0.8562430448945803,0.8568050117788707,4
NBC,5,fl,1,2234,0.864816472694718,0.8660824948418486,0.8648752782597909,0.8654784655781367,5
CFA,5,fl,2,3369,0.9225289403383793,0.9223338749175142,0.9220685076144621,0.9222011721758464,2
CFA,5,fl,2,3369,0.964677945978035,0.9644502123931538,0.9643711801242092,0.9644106946395321,3
CFA,5,fl,2,3369,0.9685366577619472,0.9684193022906786,0.9684333860456535,0.9684263441169614,4
CFA,5,fl,2,3369,0.9685366577619472,0.9683766924091779,0.9684174198659165,0.9683970557093329,5
NBC,5,fl,2,3369,0.9510240427426536,0.9505475689179289,0.9509345130275526,0.95074100160194,2
NBC,5,fl,2,3369,0.9676461858118136,0.9676677744818972,0.9671746708573825,0.9674211598347602,3
NBC,5,fl,2,3369,0.9664588898783022,0.9666552559419548,0.9659666538603557,0.9663108322251098,4
NBC,5,fl,2,3369,0.9670525378450578,0.9672680045599003,0.9666558471156643,0.9669618289527017,5
CFA,5,fl,3,3518,0.966173962478681,0.9661306059987209,0.9657307154676464,0.9659306193450067,2
CFA,5,fl,3,3518,0.988914155770324,0.9887105873028952,0.9889125009455553,0.9888115338166192,3
CFA,5,fl,3,3518,0.9897669130187606,0.9897448342323608,0.989830493601614,0.9897876620636791,4
CFA,5,fl,3,3518,0.9900511654349062,0.9900373520140368,0.9900984464419141,0.9900678982854823,5
NBC,5,fl,3,3518,0.9849346219442865,0.9849509693097942,0.9848809804164398,0.9849159736197507,2
NBC,5,fl,3,3518,0.9897669130187606,0.989791353473412,0.9896701902322853,0.9897307681446355,3
NBC,5,fl,3,3518,0.988914155770324,0.9889419412053269,0.9888208420431479,0.9888813879167636,4
NBC,5,fl,3,3518,0.9874928936895964,0.9875124738352287,0.9873135991171685,0.9874130264623665,5
CFA,5,fl,4,3547,0.9833662249788554,0.9833004291057581,0.9831679492797046,0.9832341847301871,2
CFA,5,fl,4,3547,0.9960530025373555,0.9960299709602618,0.9960124061379148,0.9960211884716494,3
CFA,5,fl,4,3547,0.9968987877079222,0.996926698560833,0.9969031333892273,0.9969149158357713,4
CFA,5,fl,4,3547,0.9971807160981111,0.9972320244262216,0.9971766563651572,0.9972043396271352,5
NBC,5,fl,4,3547,0.9943614321962222,0.9943778499460657,0.9943394793844054,0.9943586642950722,2
NBC,5,fl,4,3547,0.9957710741471666,0.9958055504438914,0.9957309429866619,0.9957682453177946,3
NBC,5,fl,4,3547,0.9960530025373555,0.9961175800298671,0.9959581563616758,0.9960378618165195,4
NBC,5,fl,4,3547,0.9960530025373555,0.9960771602330913,0.9959196949226621,0.995998421354141,5
CFA,5,fl,5,3550,0.992112676056338,0.9921000039576371,0.9919690659633704,0.9920345306398985,2
CFA,5,fl,5,3550,0.9991549295774648,0.9991506074765115,0.9991195408214701,0.9991350739074977,3
CFA,5,fl,5,3550,0.9991549295774648,0.9991506074765115,0.9991195408214701,0.9991350739074977,4
CFA,5,fl,5,3550,0.9991549295774648,0.9991506074765115,0.9991195408214701,0.9991350739074977,5
NBC,5,fl,5,3550,0.9983098591549295,0.9983173669593182,0.9982276206592051,0.9982724917921776,2
NBC,5,fl,5,3550,0.9988732394366198,0.998863804585055,0.9988016734720639,0.998832738062363,3
NBC,5,fl,5,3550,0.9991549295774648,0.9991512014375904,0.9991054401792329,0.9991283202844318,4
NBC,5,fl,5,3550,0.9985915492957746,0.9985770651464384,0.998497906764895,0.99853748438686,5
CFA,5,fl,10,3532,1.0,1.0,1.0,1.0,2
CFA,5,fl,10,3532,1.0,1.0,1.0,1.0,3
CFA,5,fl,10,3532,1.0,1.0,1.0,1.0,4
CFA,5,fl,10,3532,1.0,1.0,1.0,1.0,5
NBC,5,fl,10,3532,1.0,1.0,1.0,1.0,2
NBC,5,fl,10,3532,1.0,1.0,1.0,1.0,3
NBC,5,fl,10,3532,1.0,1.0,1.0,1.0,4
NBC,5,fl,10,3532,1.0,1.0,1.0,1.0,5
CFA,5,fl,15,3512,1.0,1.0,1.0,1.0,2
CFA,5,fl,15,3512,1.0,1.0,1.0,1.0,3
CFA,5,fl,15,3512,1.0,1.0,1.0,1.0,4
CFA,5,fl,15,3512,1.0,1.0,1.0,1.0,5
NBC,5,fl,15,3512,1.0,1.0,1.0,1.0,2
NBC,5,fl,15,3512,1.0,1.0,1.0,1.0,3
NBC,5,fl,15,3512,1.0,1.0,1.0,1.0,4
NBC,5,fl,15,3512,1.0,1.0,1.0,1.0,5
CFA,5,fl,20,3492,1.0,1.0,1.0,1.0,2
CFA,5,fl,20,3492,1.0,1.0,1.0,1.0,3
CFA,5,fl,20,3492,1.0,1.0,1.0,1.0,4
CFA,5,fl,20,3492,1.0,1.0,1.0,1.0,5
NBC,5,fl,20,3492,1.0,1.0,1.0,1.0,2
NBC,5,fl,20,3492,1.0,1.0,1.0,1.0,3
NBC,5,fl,20,3492,1.0,1.0,1.0,1.0,4
NBC,5,fl,20,3492,1.0,1.0,1.0,1.0,5
CFA,5,fl,25,3472,1.0,1.0,1.0,1.0,2
CFA,5,fl,25,3472,1.0,1.0,1.0,1.0,3
CFA,5,fl,25,3472,1.0,1.0,1.0,1.0,4
CFA,5,fl,25,3472,1.0,1.0,1.0,1.0,5
NBC,5,fl,25,3472,1.0,1.0,1.0,1.0,2
NBC,5,fl,25,3472,1.0,1.0,1.0,1.0,3
NBC,5,fl,25,3472,1.0,1.0,1.0,1.0,4
NBC,5,fl,25,3472,1.0,1.0,1.0,1.0,5
