CFA,5,in,1,2234,0.8169203222918532,0.818711990624091,0.816600644571272,0.8176549546221689,2
CFA,5,in,1,2234,0.6965085049239033,0.7862371524788447,0.6934996189835977,0.7369623789722345,3
CFA,5,in,1,2234,0.482094897045658,0.7827489771703388,0.4742165767032256,0.5906168856064082,4
CFA,5,in,1,2234,0.3384064458370636,0.786735690263314,0.3270766338690238,0.46205784536708683,5
CFA,5,in,1,2234,0.28245299910474486,0.7614311842706905,0.26990368887898925,0.3985380322387882,6
CFA,5,in,1,2234,0.26857654431512984,0.6911036036036036,0.2556020303683855,0.37318354921972624,7
CFA,5,in,1,2234,0.26454789615040286,0.5658897355445989,0.25139493350441283,0.34813283015231233,8
CFA,5,in,1,2234,0.26320501342882724,0.06580125335720681,0.25,0.1041814316087881,9
CFA,5,in,1,2234,0.26320501342882724,0.06580125335720681,0.25,0.1041814316087881,10
CFA,5,in,1,2234,0.26320501342882724,0.06580125335720681,0.25,0.1041814316087881,11
NBC,5,in,1,2234,0.8146821844225605,0.8162079932568116,0.8146923559306737,0.8154494703335144,2
NBC,5,in,1,2234,0.7032229185317815,0.7917378796636021,0.7062393658855608,0.7465486672011661,3
NBC,5,in,1,2234,0.4892569382273948,0.7930935329085541,0.4952278084621209,0.6097267189409679,4
NBC,5,in,1,2234,0.3285586392121755,0.7876271038887007,0.33614791972602387,0.47119611475328493,5
NBC,5,in,1,2234,0.26096687555953446,0.7421696387745771,0.2696331261084265,0.39555835732212163,6
NBC,5,in,1,2234,0.24619516562220234,0.6856435643564356,0.25498360117852775,0.37172616647756634,7
NBC,5,in,1,2234,0.2421665174574754,0.5603718637992832,0.2508924597876534,0.3466023864645586,8
NBC,5,in,1,2234,0.2412712623097583,0.06031781557743957,0.25,0.09718716191849981,9
NBC,5,in,1,2234,0.2412712623097583,0.06031781557743957,0.25,0.09718716191849981,10
NBC,5,in,1,2234,0.2412712623097583,0.06031781557743957,0.25,0.09718716191849981,11
CFA,5,in,2,3369,0.92520035618878,0.924823595150464,0.9253532673054827,0.9250883554101968,2
CFA,5,in,2,3369,0.8417928168596023,0.8632911740015885,0.8450183783295157,0.8540570494212341,3
CFA,5,in,2,3369,0.582962303354111,0.7979149683760728,0.5936749150032294,0.6808070491000453,4
CFA,5,in,2,3369,0.3665776194716533,0.7877979542634802,0.38206715279834014,0.5145750899806933,5
CFA,5,in,2,3369,0.27040664885722765,0.7684540389972145,0.2881453002746972,0.41913033935216765,6
CFA,5,in,2,3369,0.24844167408726625,0.683854638863705,0.266719877851414,0.38376291924205586,7
CFA,5,in,2,3369,0.23478777085188482,0.5581274188746651,0.2529433857509104,0.348119148674687,8
CFA,5,in,2,3369,0.23181953101810626,0.057954882754526565,0.25,0.09409638554216869,9
CFA,5,in,2,3369,0.23181953101810626,0.057954882754526565,0.25,0.09409638554216869,10
CFA,5,in,2,3369,0.23181953101810626,0.057954882754526565,0.25,0.09409638554216869,11
NBC,5,in,2,3369,0.9361828435737608,0.9358314569879201,0.9363915173146833,0.9361114033825483,2
NBC,5,in,2,3369,0.8613831997625409,0.8786793725644301,0.8603385376916572,0.8694122378309282,3
NBC,5,in,2,3369,0.6325319085782131,0.8088052158313893,0.6271449791935018,0.7064842945271925,4
NBC,5,in,2,3369,0.41763134461264473,0.7925509075311541,0.4070151973346713,0.5378282409249083,5
NBC,5,in,2,3369,0.3051350549124369,0.754865434637669,0.29104412499032883,0.4201111805263656,6
NBC,5,in,2,3369,0.28138913624220835,0.6924615152429822,0.26648427673198644,0.38486034893425614,7
NBC,5,in,2,3369,0.26773523300682694,0.5664980660517703,0.25246502238380514,0.3492732430697172,8
NBC,5,in,2,3369,0.2653606411398041,0.06634016028495103,0.25,0.10485573539760733,9
NBC,5,in,2,3369,0.2653606411398041,0.06634016028495103,0.25,0.10485573539760733,10
NBC,5,in,2,3369,0.2653606411398041,0.06634016028495103,0.25,0.10485573539760733,11
CFA,5,in,3,3518,0.966173962478681,0.9658446097317016,0.966249400685985,0.966046962805183,2
CFA,5,in,3,3518,0.9155770324047754,0.9196071436480437,0.9170649412104022,0.9183342830533149,3
CFA,5,in,3,3518,0.6870380898237635,0.8235924604127421,0.6951507759950896,0.7539403952359494,4
CFA,5,in,3,3518,0.42950540079590677,0.7958853420358594,0.443384158999224,0.5695015535259094,5
CFA,5,in,3,3518,0.29334849346219444,0.7721337299493035,0.3105745026272321,0.4429726161221608,6
CFA,5,in,3,3518,0.2612279704377487,0.6846774193548387,0.2792179888122888,0.3966701166902932,7
CFA,5,in,3,3518,0.2373507674815236,0.5583571428571429,0.2550960891348239,0.3501976951632738,8
CFA,5,in,3,3518,0.23223422399090393,0.05805855599772598,0.25,0.0942329873125721,9
CFA,5,in,3,3518,0.23223422399090393,0.05805855599772598,0.25,0.0942329873125721,10
CFA,5,in,3,3518,0.23223422399090393,0.05805855599772598,0.25,0.0942329873125721,11
NBC,5,in,3,3518,0.9738487777146105,0.9738378573346101,0.9739158074199463,0.9738768308174774,2
NBC,5,in,3,3518,0.9286526435474701,0.932369398734907,0.9284612419744975,0.9304112163570225,3
NBC,5,in,3,3518,0.7322342239909039,0.8346632701145806,0.7290054712722347,0.7782646982427361,4
NBC,5,in,3,3518,0.48209209778283113,0.7940881668440393,0.4733169856513182,0.5931101301458194,5
NBC,5,in,3,3518,0.328595793064241,0.7492428762745801,0.31534321045827685,0.4438695131598276,6
NBC,5,in,3,3518,0.29334849346219444,0.6932816159250585,0.27887066683202216,0.39774819226282326,7
NBC,5,in,3,3518,0.2694712905059693,0.5665857836140451,0.254406364749082,0.3511435031751469,8
NBC,5,in,3,3518,0.26520750426378625,0.06630187606594656,0.25,0.10480790833520558,9
NBC,5,in,3,3518,0.26520750426378625,0.06630187606594656,0.25,0.10480790833520558,10
NBC,5,in,3,3518,0.26520750426378625,0.06630187606594656,0.25,0.10480790833520558,11
CFA,5,in,4,3547,0.9819565830279109,0.981723711085155,0.9819789002626347,0.9818512890925866,2
CFA,5,in,4,3547,0.9526360304482662,0.9529752758804574,0.9533910842511901,0.9531831347186637,3
CFA,5,in,4,3547,0.7583873696081196,0.8479056977416615,0.764816416668286,0.8042206299833206,4
CFA,5,in,4,3547,0.4846349027347054,0.8049761588124863,0.49759817045366994,0.615020048966542,5
CFA,5,in,4,3547,0.31294051310967014,0.7735348533492953,0.33033838975665236,0.46296666663842545,6
CFA,5,in,4,3547,0.2717789681420919,0.6852001766264351,0.29024851443647487,0.4077679024628609,7
CFA,5,in,4,3547,0.23851141809980264,0.5583309679250639,0.2567230996616463,0.351722572582734,8
CFA,5,in,4,3547,0.23174513673526925,0.05793628418381731,0.25,0.09407186999313345,9
CFA,5,in,4,3547,0.23174513673526925,0.05793628418381731,0.25,0.09407186999313345,10
CFA,5,in,4,3547,0.23174513673526925,0.05793628418381731,0.25,0.09407186999313345,11
NBC,5,in,4,3547,0.9873132224414999,0.987411068589874,0.9873696238580905,0.9873903457890818,2
NBC,5,in,4,3547,0.9588384550324217,0.960066646206015,0.9588867386099608,0.9594763296628723,3
NBC,5,in,4,3547,0.7992669861855088,0.862154458060516,0.7972398044463929,0.828427417253276,4
NBC,5,in,4,3547,0.5362277981392726,0.7952983384574456,0.5288824307801261,0.6352898761412323,5
NBC,5,in,4,3547,0.3495912038342261,0.7464285933143365,0.33679926510021974,0.46416199458904367,6
NBC,5,in,4,3547,0.3042007330138145,0.6940895741556534,0.28980119820458405,0.40888276605966667,7
NBC,5,in,4,3547,0.27093318297152524,0.5666997448256308,0.25581424616159076,0.35250432116913816,8
NBC,5,in,4,3547,0.2652946151677474,0.06632365379193685,0.25,0.10483511586452764,9
NBC,5,in,4,3547,0.2652946151677474,0.06632365379193685,0.25,0.10483511586452764,10
NBC,5,in,4,3547,0.2652946151677474,0.06632365379193685,0.25,0.10483511586452764,11
CFA,5,in,5,3550,0.9909859154929578,0.9908510060608892,0.9908438823051229,0.9908474441702019,2
CFA,5,in,5,3550,0.9715492957746479,0.9712022258977966,0.9719681448868296,0.9715850344452046,3
CFA,5,in,5,3550,0.8129577464788732,0.8700681366106977,0.817938843471697,0.8431985575867595,4
CFA,5,in,5,3550,0.5326760563380282,0.8131492983107576,0.544591130878549,0.6523100976002694,5
CFA,5,in,5,3550,0.331830985915493,0.7743332083489564,0.34893594815323914,0.4810827230103058,6
CFA,5,in,5,3550,0.2819718309859155,0.6858268887566925,0.30040977163902594,0.4178086402763295,7
CFA,5,in,5,3550,0.24028169014084508,0.5584517045454546,0.25840010259667295,0.35331739854919436,8
CFA,5,in,5,3550,0.23183098591549295,0.05795774647887324,0.25,0.0941001600731763,9
CFA,5,in,5,3550,0.23183098591549295,0.05795774647887324,0.25,0.0941001600731763,10
CFA,5,in,5,3550,0.23183098591549295,0.05795774647887324,0.25,0.0941001600731763,11
NBC,5,in,5,3550,0.9946478873239437,0.9946023587934123,0.99468775102006,0.9946450530739637,2
NBC,5,in,5,3550,0.9752112676056338,0.9758925986237615,0.9752418247105428,0.9755671031388311,3
NBC,5,in,5,3550,0.8447887323943662,0.8845428237739172,0.8434878299845056,0.8635276293631451,4
NBC,5,in,5,3550,0.5833802816901409,0.8002081936147816,0.5776194832828105,0.6709341829381699,5
NBC,5,in,5,3550,0.3687323943661972,0.7342558244778367,0.3570452266103628,0.48045869098953126,6
NBC,5,in,5,3550,0.3135211267605634,0.6946915776986952,0.299836169612191,0.41887953811692813,7
NBC,5,in,5,3550,0.271830985915493,0.5666666666666667,0.2572593616644323,0.35386745880200726,8
NBC,5,in,5,3550,0.2647887323943662,0.06619718309859154,0.25,0.10467706013363028,9
NBC,5,in,5,3550,0.2647887323943662,0.06619718309859154,0.25,0.10467706013363028,10
NBC,5,in,5,3550,0.2647887323943662,0.06619718309859154,0.25,0.10467706013363028,11
CFA,5,in,10,3532,0.9991506228765572,0.9991379310344828,0.9990831295843521,0.9991105295579492,2
CFA,5,in,10,3532,0.996885617214043,0.99677618401499,0.9969531484579419,0.9968646583827384,3
CFA,5,in,10,3532,0.9476217440543602,0.9515685755972622,0.949014157521626,0.9502896499670559,4
CFA,5,in,10,3532,0.7092298980747452,0.8513866824250043,0.7175323702436988,0.7787495514127475,5
CFA,5,in,10,3532,0.4139297848244621,0.7884617665547793,0.4301775068589745,0.5566512164670725,6
CFA,5,in,10,3532,0.32644394110985275,0.688581995593327,0.3453387628805511,0.4599850666525301,7
CFA,5,in,10,3532,0.24858437146092865,0.5588997695852534,0.26688161895774354,0.36125802158171494,8
CFA,5,in,10,3532,0.23159682899207248,0.05789920724801812,0.25,0.09402298850574713,9
CFA,5,in,10,3532,0.23159682899207248,0.05789920724801812,0.25,0.09402298850574713,10
CFA,5,in,10,3532,0.23159682899207248,0.05789920724801812,0.25,0.09402298850574713,11
NBC,5,in,10,3532,1.0,1.0,1.0,1.0,2
NBC,5,in,10,3532,0.9991506228765572,0.9992004264392325,0.9991776315789473,0.999189028879083,3
NBC,5,in,10,3532,0.953850509626274,0.9588207477329359,0.9536348978823639,0.9562207917848038,4
NBC,5,in,10,3532,0.7429218573046432,0.8304032480928251,0.740308166977743,0.7827718071563693,5
NBC,5,in,10,3532,0.45413363533408835,0.7234555583270974,0.4449651547447218,0.5510215812857797,6
NBC,5,in,10,3532,0.35645526613816536,0.6622285534816942,0.34392733811949305,0.45273005013811257,7
NBC,5,in,10,3532,0.2788788221970555,0.5671309592188397,0.26459026009368225,0.3608356370441663,8
NBC,5,in,10,3532,0.264722536806342,0.0661806342015855,0.25,0.10465636892769196,9
NBC,5,in,10,3532,0.264722536806342,0.0661806342015855,0.25,0.10465636892769196,10
NBC,5,in,10,3532,0.264722536806342,0.0661806342015855,0.25,0.10465636892769196,11
CFA,5,in,15,3512,1.0,1.0,1.0,1.0,2
CFA,5,in,15,3512,1.0,1.0,1.0,1.0,3
CFA,5,in,15,3512,0.9863325740318907,0.986050288509305,0.9867960287337316,0.9864230176758,4
CFA,5,in,15,3512,0.818621867881549,0.8812761610325949,0.8240304572308079,0.851692464152662,5
CFA,5,in,15,3512,0.4772209567198178,0.7970852340829986,0.4924373720554618,0.6087749933309797,6
CFA,5,in,15,3512,0.3624715261958998,0.6910158835208471,0.3815542462588418,0.4916415948369576,7
CFA,5,in,15,3512,0.2559794988610478,0.5593257443082311,0.27430581543297655,0.36809140103274285,8
CFA,5,in,15,3512,0.23149202733485194,0.057873006833712985,0.25,0.09398843930635838,9
CFA,5,in,15,3512,0.23149202733485194,0.057873006833712985,0.25,0.09398843930635838,10
CFA,5,in,15,3512,0.23149202733485194,0.057873006833712985,0.25,0.09398843930635838,11
NBC,5,in,15,3512,1.0,1.0,1.0,1.0,2
NBC,5,in,15,3512,1.0,1.0,1.0,1.0,3
NBC,5,in,15,3512,0.9869020501138952,0.9876619536956934,0.9868461999699587,0.9872539083214579,4
NBC,5,in,15,3512,0.8451025056947609,0.8784167752114862,0.8438497239957622,0.8607863575778255,5
NBC,5,in,15,3512,0.5207858769931663,0.7317526327100795,0.5133198876167556,0.6033755834357358,6
NBC,5,in,15,3512,0.39123006833712987,0.6443336246120468,0.37957432323380513,0.4777236078955066,7
NBC,5,in,15,3512,0.28502277904328016,0.5675675675675675,0.27085384542940555,0.366707853195645,8
NBC,5,in,15,3512,0.26480637813211844,0.06620159453302961,0.25,0.10468257541647906,9
NBC,5,in,15,3512,0.26480637813211844,0.06620159453302961,0.25,0.10468257541647906,10
NBC,5,in,15,3512,0.26480637813211844,0.06620159453302961,0.25,0.10468257541647906,11
CFA,5,in,20,3492,1.0,1.0,1.0,1.0,2
CFA,5,in,20,3492,1.0,1.0,1.0,1.0,3
CFA,5,in,20,3492,0.9948453608247423,0.9945520581113801,0.9950386528435309,0.9947952959741536,4
CFA,5,in,20,3492,0.8805841924398625,0.9086264484383884,0.8842369011837168,0.896265780958793,5
CFA,5,in,20,3492,0.5309278350515464,0.8040437971840975,0.5452259548084057,0.6498115686357007,6
CFA,5,in,20,3492,0.39032073310423826,0.6930013807386952,0.40954150085376034,0.5148331739288524,7
CFA,5,in,20,3492,0.26174112256586485,0.5596574128765506,0.28017124475700905,0.37340929623653457,8
CFA,5,in,20,3492,0.2313860252004582,0.05784650630011455,0.25,0.09395348837209302,9
CFA,5,in,20,3492,0.2313860252004582,0.05784650630011455,0.25,0.09395348837209302,10
CFA,5,in,20,3492,0.2313860252004582,0.05784650630011455,0.25,0.09395348837209302,11
NBC,5,in,20,3492,1.0,1.0,1.0,1.0,2
NBC,5,in,20,3492,1.0,1.0,1.0,1.0,3
NBC,5,in,20,3492,0.995418098510882,0.9957297394214679,0.9954863686200706,0.9956080391481126,4
NBC,5,in,20,3492,0.9037800687285223,0.9174773182510776,0.9027777555381765,0.9100681833603169,5
NBC,5,in,20,3492,0.5773195876288659,0.740015651526693,0.5712948131774331,0.6448009297061599,6
NBC,5,in,20,3492,0.41924398625429554,0.6360269653664564,0.40834803015533916,0.4973699285155863,7
NBC,5,in,20,3492,0.290950744558992,0.5679947074389885,0.2768999041094308,0.37230129740389956,8
NBC,5,in,20,3492,0.26489117983963345,0.06622279495990836,0.25,0.10470907856010868,9
NBC,5,in,20,3492,0.26489117983963345,0.06622279495990836,0.25,0.10470907856010868,10
NBC,5,in,20,3492,0.26489117983963345,0.06622279495990836,0.25,0.10470907856010868,11
CFA,5,in,25,3472,1.0,1.0,1.0,1.0,2
CFA,5,in,25,3472,1.0,1.0,1.0,1.0,3
CFA,5,in,25,3472,0.9974078341013825,0.9972290640394088,0.9974916387959867,0.9973603341357037,4
CFA,5,in,25,3472,0.9228110599078341,0.9335894011645742,0.9248720409088963,0.929210276068627,5
CFA,5,in,25,3472,0.5754608294930875,0.8092863023644599,0.5888475474779257,0.6816890305724495,6
CFA,5,in,25,3472,0.4144585253456221,0.6948133524766691,0.43374370628001857,0.5340818460842212,7
CFA,5,in,25,3472,0.26756912442396313,0.559997011356844,0.28610430700142886,0.3787195537480032,8
CFA,5,in,25,3472,0.23127880184331798,0.057819700460829494,0.25,0.09391812865497076,9
CFA,5,in,25,3472,0.23127880184331798,0.057819700460829494,0.25,0.09391812865497076,10
CFA,5,in,25,3472,0.23127880184331798,0.057819700460829494,0.25,0.09391812865497076,11
NBC,5,in,25,3472,1.0,1.0,1.0,1.0,2
NBC,5,in,25,3472,1.0,1.0,1.0,1.0,3
NBC,5,in,25,3472,0.9976958525345622,0.9978448275862069,0.9977703455964325,0.9978075852013807,4
NBC,5,in,25,3472,0.9354838709677419,0.9431621436972465,0.9344347082989404,0.9387781425893972,5
NBC,5,in,25,3472,0.6212557603686636,0.7467355384789882,0.6164678859938866,0.6753775269903721,6
NBC,5,in,25,3472,0.4435483870967742,0.6334350678163263,0.43335521746091626,0.5146323421750608,7
NBC,5,in,25,3472,0.29694700460829493,0.5684320142814638,0.28301805436187066,0.37788833108034864,8
NBC,5,in,25,3472,0.26497695852534564,0.06624423963133641,0.25,0.10473588342440802,9
NBC,5,in,25,3472,0.26497695852534564,0.06624423963133641,0.25,0.10473588342440802,10
NBC,5,in,25,3472,0.26497695852534564,0.06624423963133641,0.25,0.10473588342440802,11
