ge, ወ,2,3,78,1.0040485829959513,1.001432664756447,0.011111111111111112
ge,ተ ,2,3,78,1.0040485829959513,1.001432664756447,0.022222222222222223
gu, የ,2,3,78,1.0074074074074073,1.001432664756447,0.0189873417721519
ti,ዲ ,2,3,78,1.0061349693251533,1.001432664756447,0.017241379310344827
am,ት ,2,2,78,1.0043572984749456,1.0009551098376313,0.012987012987012988
ge, መል,3,2,80,1.0026990553306343,1.0009551098376313,0.02962962962962963
ge,መልዕልተ,5,2,84,1.0026990553306343,1.0009551098376313,0.037037037037037035
ge,ዕልተ,3,2,80,1.0026990553306343,1.0009551098376313,0.044444444444444446
ge,ት ,2,2,78,1.0026990553306343,1.0009551098376313,0.05185185185185185
ge,ልዕልተ,4,2,82,1.0026990553306343,1.0009551098376313,0.05925925925925926
ge,ልዕል,3,2,80,1.0026990553306343,1.0009551098376313,0.06666666666666667
ge,ልዕ,2,2,78,1.0026990553306343,1.0009551098376313,0.07407407407407407
ge, መልዕ,4,2,82,1.0026990553306343,1.0009551098376313,0.08148148148148149
ge,ልተ ,3,2,80,1.0026990553306343,1.0009551098376313,0.08888888888888889
ge,ዕል,2,2,78,1.0026990553306343,1.0009551098376313,0.0962962962962963
ge,መልዕል,4,2,82,1.0026990553306343,1.0009551098376313,0.1037037037037037
ge, መልዕል,5,2,84,1.0026990553306343,1.0009551098376313,0.1111111111111111
ge,መልዕ,3,2,80,1.0026990553306343,1.0009551098376313,0.11851851851851852
ge, መ,2,2,78,1.0026990553306343,1.0009551098376313,0.1259259259259259
ge,ልዕልተ ,5,2,84,1.0026990553306343,1.0009551098376313,0.13333333333333333
ge,መል,2,2,78,1.0026990553306343,1.0009551098376313,0.14074074074074075
ge,ዕልተ ,4,2,82,1.0026990553306343,1.0009551098376313,0.14814814814814814
ge,ልተ,2,2,78,1.0026990553306343,1.0009551098376313,0.15555555555555556
ge,ሰ ,2,2,78,1.0026990553306343,1.0009551098376313,0.16296296296296298
gu,ይስኻ,3,2,80,1.0049382716049382,1.0009551098376313,0.03164556962025317
gu,ኻቅ,2,2,78,1.0049382716049382,1.0009551098376313,0.04430379746835443
gu,ይስ,2,2,78,1.0049382716049382,1.0009551098376313,0.056962025316455694
gu,ቆብ,2,2,78,1.0049382716049382,1.0009551098376313,0.06962025316455696
gu,ም ,2,2,78,1.0049382716049382,1.0009551098376313,0.08227848101265822
gu,ብ ,2,2,78,1.0049382716049382,1.0009551098376313,0.0949367088607595
gu,ያእቆብ,4,2,82,1.0049382716049382,1.0009551098376313,0.10759493670886076
gu,ስኻ,2,2,78,1.0049382716049382,1.0009551098376313,0.12025316455696203
gu,ኻቅ ,3,2,80,1.0049382716049382,1.0009551098376313,0.13291139240506328
gu,ያእቆ,3,2,80,1.0049382716049382,1.0009551098376313,0.14556962025316456
gu,ያእ,2,2,78,1.0049382716049382,1.0009551098376313,0.15822784810126583
gu,ይስኻቅ ,5,2,84,1.0049382716049382,1.0009551098376313,0.17088607594936708
gu,ቆብ ,3,2,80,1.0049382716049382,1.0009551098376313,0.18354430379746836
gu,ስኻቅ ,4,2,82,1.0049382716049382,1.0009551098376313,0.1962025316455696
gu,ቅ ,2,2,78,1.0049382716049382,1.0009551098376313,0.2088607594936709
gu,እቆብ,3,2,80,1.0049382716049382,1.0009551098376313,0.22151898734177214
gu,እቆ,2,2,78,1.0049382716049382,1.0009551098376313,0.23417721518987342
gu,ስኻቅ,3,2,80,1.0049382716049382,1.0009551098376313,0.2468354430379747
gu,ያእቆብ ,5,2,84,1.0049382716049382,1.0009551098376313,0.25949367088607594
gu,እቆብ ,4,2,82,1.0049382716049382,1.0009551098376313,0.2721518987341772
gu,ይስኻቅ,4,2,82,1.0049382716049382,1.0009551098376313,0.2848101265822785
ti,ወዲ ,3,2,80,1.0040899795501022,1.0009551098376313,0.028735632183908046
ti,ናይ,2,2,78,1.0040899795501022,1.0009551098376313,0.040229885057471264
ti,ስ ,2,2,78,1.0040899795501022,1.0009551098376313,0.05172413793103448
ti,ናይ ,3,2,80,1.0040899795501022,1.0009551098376313,0.06321839080459771
ti, ናይ,3,2,80,1.0040899795501022,1.0009551098376313,0.07471264367816093
ti, ናይ ,4,2,82,1.0040899795501022,1.0009551098376313,0.08620689655172414
ti,ይ ,2,2,78,1.0040899795501022,1.0009551098376313,0.09770114942528736
ti, ና,2,2,78,1.0040899795501022,1.0009551098376313,0.10919540229885058
ti,ወዲ,2,2,78,1.0040899795501022,1.0009551098376313,0.1206896551724138
am,ሁሉ,2,1,78,1.0021786492374727,1.0004775549188156,0.01948051948051948
am,ላችኋለሁ,5,1,84,1.0021786492374727,1.0004775549188156,0.025974025974025976
am,ሰረይላቸ,5,1,84,1.0021786492374727,1.0004775549188156,0.032467532467532464
am,ት እ,3,1,80,1.0021786492374727,1.0004775549188156,0.03896103896103896
am,ላቸዋ,3,1,80,1.0021786492374727,1.0004775549188156,0.045454545454545456
am,ኀጢአት ,5,1,84,1.0021786492374727,1.0004775549188156,0.05194805194805195
am,ት እላ,4,1,82,1.0021786492374727,1.0004775549188156,0.05844155844155844
am, ል,2,1,78,1.0021786492374727,1.0004775549188156,0.06493506493506493
am,ት ስ,3,1,80,1.0021786492374727,1.0004775549188156,0.07142857142857142
am, ልጆ,3,1,80,1.0021786492374727,1.0004775549188156,0.07792207792207792
am,ሰው ,3,1,80,1.0021786492374727,1.0004775549188156,0.08441558441558442
am,ሰረይ,3,1,80,1.0021786492374727,1.0004775549188156,0.09090909090909091
am,ችኋ,2,1,78,1.0021786492374727,1.0004775549188156,0.09740259740259741
am, እላች,4,1,82,1.0021786492374727,1.0004775549188156,0.1038961038961039
am,ብም ,3,1,80,1.0021786492374727,1.0004775549188156,0.11038961038961038
am, ኀጢአ,4,1,82,1.0021786492374727,1.0004775549188156,0.11688311688311688
am, እ,2,1,78,1.0021786492374727,1.0004775549188156,0.12337662337662338
am,ይላ,2,1,78,1.0021786492374727,1.0004775549188156,0.12987012987012986
am,ውነ,2,1,78,1.0021786492374727,1.0004775549188156,0.13636363636363635
am,ው ልጆ,4,1,82,1.0021786492374727,1.0004775549188156,0.14285714285714285
am,ብም,2,1,78,1.0021786492374727,1.0004775549188156,0.14935064935064934
am,ሰው ልጆ,5,1,84,1.0021786492374727,1.0004775549188156,0.15584415584415584
am, ሁሉ ለ,5,1,84,1.0021786492374727,1.0004775549188156,0.16233766233766234
am,ነት እ,4,1,82,1.0021786492374727,1.0004775549188156,0.16883116883116883
am,ስድብም,4,1,82,1.0021786492374727,1.0004775549188156,0.17532467532467533
am,ችኋለሁ ,5,1,84,1.0021786492374727,1.0004775549188156,0.18181818181818182
am, ይሰረይ,5,1,84,1.0021786492374727,1.0004775549188156,0.18831168831168832
am,ው ልጆች,5,1,84,1.0021786492374727,1.0004775549188156,0.19480519480519481
am,ሁ ኀጢ,4,1,82,1.0021786492374727,1.0004775549188156,0.2012987012987013
am,ኋለሁ ,4,1,82,1.0021786492374727,1.0004775549188156,0.2077922077922078
am,ው ል,3,1,80,1.0021786492374727,1.0004775549188156,0.21428571428571427
am,እላ,2,1,78,1.0021786492374727,1.0004775549188156,0.22077922077922077
am,ት ስድ,4,1,82,1.0021786492374727,1.0004775549188156,0.22727272727272727
am,ለሰው ል,5,1,84,1.0021786492374727,1.0004775549188156,0.23376623376623376
am,ለሁ ,3,1,80,1.0021786492374727,1.0004775549188156,0.24025974025974026
am,ም ሁሉ ,5,1,84,1.0021786492374727,1.0004775549188156,0.24675324675324675
am, ሁ,2,1,78,1.0021786492374727,1.0004775549188156,0.2532467532467532
am,ዋል,2,1,78,1.0021786492374727,1.0004775549188156,0.2597402597402597
am,ት እላች,5,1,84,1.0021786492374727,1.0004775549188156,0.2662337662337662
am,ኀጢአት,4,1,82,1.0021786492374727,1.0004775549188156,0.2727272727272727
am,አት ስድ,5,1,84,1.0021786492374727,1.0004775549188156,0.2792207792207792
am,ሉ ለሰ,4,1,82,1.0021786492374727,1.0004775549188156,0.2857142857142857
am,ም ,2,1,78,1.0021786492374727,1.0004775549188156,0.2922077922077922
am,ም ሁሉ,4,1,82,1.0021786492374727,1.0004775549188156,0.2987012987012987
am,ሉ ለ,3,1,80,1.0021786492374727,1.0004775549188156,0.3051948051948052
am, ስድብም,5,1,84,1.0021786492374727,1.0004775549188156,0.3116883116883117
am, ኀጢአት,5,1,84,1.0021786492374727,1.0004775549188156,0.3181818181818182
am,ልጆ,2,1,78,1.0021786492374727,1.0004775549188156,0.3246753246753247
am,ጢአ,2,1,78,1.0021786492374727,1.0004775549188156,0.33116883116883117
am,ውነት ,4,1,82,1.0021786492374727,1.0004775549188156,0.33766233766233766
am,እውነት ,5,1,84,1.0021786492374727,1.0004775549188156,0.34415584415584416
am,ረይላቸ,4,1,82,1.0021786492374727,1.0004775549188156,0.35064935064935066
am, ኀ,2,1,78,1.0021786492374727,1.0004775549188156,0.35714285714285715
am, ልጆች ,5,1,84,1.0021786492374727,1.0004775549188156,0.36363636363636365
am,እላችኋለ,5,1,84,1.0021786492374727,1.0004775549188156,0.37012987012987014
am,ችኋለ,3,1,80,1.0021786492374727,1.0004775549188156,0.37662337662337664
am,ይሰረይ,4,1,82,1.0021786492374727,1.0004775549188156,0.38311688311688313
am,ሁ ኀ,3,1,80,1.0021786492374727,1.0004775549188156,0.38961038961038963
am,ስድብ,3,1,80,1.0021786492374727,1.0004775549188156,0.3961038961038961
am,ኋለሁ,3,1,80,1.0021786492374727,1.0004775549188156,0.4025974025974026
am, ስድ,3,1,80,1.0021786492374727,1.0004775549188156,0.4090909090909091
am,ስድብም ,5,1,84,1.0021786492374727,1.0004775549188156,0.4155844155844156
am,ኋለ,2,1,78,1.0021786492374727,1.0004775549188156,0.42207792207792205
am,ድብም ,4,1,82,1.0021786492374727,1.0004775549188156,0.42857142857142855
am,ሉ ለሰው,5,1,84,1.0021786492374727,1.0004775549188156,0.43506493506493504
am,ላቸ,2,1,78,1.0021786492374727,1.0004775549188156,0.44155844155844154
am,ስድ,2,1,78,1.0021786492374727,1.0004775549188156,0.44805194805194803
am,ለሰው ,4,1,82,1.0021786492374727,1.0004775549188156,0.45454545454545453
am,ውነት,3,1,80,1.0021786492374727,1.0004775549188156,0.461038961038961
am,ይላቸዋል,5,1,84,1.0021786492374727,1.0004775549188156,0.4675324675324675
am,ኀጢ,2,1,78,1.0021786492374727,1.0004775549188156,0.474025974025974
am,አት,2,1,78,1.0021786492374727,1.0004775549188156,0.4805194805194805
am,ቸዋል,3,1,80,1.0021786492374727,1.0004775549188156,0.487012987012987
am,ለሁ,2,1,78,1.0021786492374727,1.0004775549188156,0.4935064935064935
am,ነት እላ,5,1,84,1.0021786492374727,1.0004775549188156,0.5
am,ችኋለሁ,4,1,82,1.0021786492374727,1.0004775549188156,0.5064935064935064
am,ለሰው,3,1,80,1.0021786492374727,1.0004775549188156,0.512987012987013
am,ኋለሁ ኀ,5,1,84,1.0021786492374727,1.0004775549188156,0.5194805194805194
am,ም ሁ,3,1,80,1.0021786492374727,1.0004775549188156,0.525974025974026
am, ይሰረ,4,1,82,1.0021786492374727,1.0004775549188156,0.5324675324675324
am,ድብም ሁ,5,1,84,1.0021786492374727,1.0004775549188156,0.538961038961039
am,ለሁ ኀ,4,1,82,1.0021786492374727,1.0004775549188156,0.5454545454545454
am,ሁሉ ለ,4,1,82,1.0021786492374727,1.0004775549188156,0.551948051948052
am,ሁ ኀጢአ,5,1,84,1.0021786492374727,1.0004775549188156,0.5584415584415584
am,ጢአት,3,1,80,1.0021786492374727,1.0004775549188156,0.564935064935065
am,ይሰረ,3,1,80,1.0021786492374727,1.0004775549188156,0.5714285714285714
am, ለ,2,1,78,1.0021786492374727,1.0004775549188156,0.577922077922078
am,ኀጢአ,3,1,80,1.0021786492374727,1.0004775549188156,0.5844155844155844
am,ይሰረይላ,5,1,84,1.0021786492374727,1.0004775549188156,0.5909090909090909
am,ነት ,3,1,80,1.0021786492374727,1.0004775549188156,0.5974025974025974
am,ልጆች,3,1,80,1.0021786492374727,1.0004775549188156,0.6038961038961039
am,ጢአት ስ,5,1,84,1.0021786492374727,1.0004775549188156,0.6103896103896104
am,ጆች ,3,1,80,1.0021786492374727,1.0004775549188156,0.6168831168831169
am,ጆች ይ,4,1,82,1.0021786492374727,1.0004775549188156,0.6233766233766234
am, ልጆች,4,1,82,1.0021786492374727,1.0004775549188156,0.6298701298701299
am, ለሰው,4,1,82,1.0021786492374727,1.0004775549188156,0.6363636363636364
am,ብም ሁሉ,5,1,84,1.0021786492374727,1.0004775549188156,0.6428571428571429
am,እውነ,3,1,80,1.0021786492374727,1.0004775549188156,0.6493506493506493
am, ሁሉ,3,1,80,1.0021786492374727,1.0004775549188156,0.6558441558441559
am,ሉ ,2,1,78,1.0021786492374727,1.0004775549188156,0.6623376623376623
am,ድብም,3,1,80,1.0021786492374727,1.0004775549188156,0.6688311688311688
am,ሰረ,2,1,78,1.0021786492374727,1.0004775549188156,0.6753246753246753
am,ይላቸ,3,1,80,1.0021786492374727,1.0004775549188156,0.6818181818181818
am,ብም ሁ,4,1,82,1.0021786492374727,1.0004775549188156,0.6883116883116883
am,ልጆች ,4,1,82,1.0021786492374727,1.0004775549188156,0.6948051948051948
am, እላ,3,1,80,1.0021786492374727,1.0004775549188156,0.7012987012987013
am,ጆች,2,1,78,1.0021786492374727,1.0004775549188156,0.7077922077922078
am,አት ,3,1,80,1.0021786492374727,1.0004775549188156,0.7142857142857143
am, ኀጢ,3,1,80,1.0021786492374727,1.0004775549188156,0.7207792207792207
am, ሁሉ ,4,1,82,1.0021786492374727,1.0004775549188156,0.7272727272727273
am,ጢአት ,4,1,82,1.0021786492374727,1.0004775549188156,0.7337662337662337
am,ላችኋ,3,1,80,1.0021786492374727,1.0004775549188156,0.7402597402597403
am, ስድብ,4,1,82,1.0021786492374727,1.0004775549188156,0.7467532467532467
am,ድብ,2,1,78,1.0021786492374727,1.0004775549188156,0.7532467532467533
am,ነት,2,1,78,1.0021786492374727,1.0004775549188156,0.7597402597402597
am,ች ይ,3,1,80,1.0021786492374727,1.0004775549188156,0.7662337662337663
am,ሰው,2,1,78,1.0021786492374727,1.0004775549188156,0.7727272727272727
am, ለሰው ,5,1,84,1.0021786492374727,1.0004775549188156,0.7792207792207793
am,ላችኋለ,4,1,82,1.0021786492374727,1.0004775549188156,0.7857142857142857
am,ረይላቸዋ,5,1,84,1.0021786492374727,1.0004775549188156,0.7922077922077922
am,ረይላ,3,1,80,1.0021786492374727,1.0004775549188156,0.7987012987012987
am,ላች,2,1,78,1.0021786492374727,1.0004775549188156,0.8051948051948052
am,ልጆች ይ,5,1,84,1.0021786492374727,1.0004775549188156,0.8116883116883117
am,ቸዋ,2,1,78,1.0021786492374727,1.0004775549188156,0.8181818181818182
am,ሁሉ ,3,1,80,1.0021786492374727,1.0004775549188156,0.8246753246753247
am,ለሰ,2,1,78,1.0021786492374727,1.0004775549188156,0.8311688311688312
am,ሰው ል,4,1,82,1.0021786492374727,1.0004775549188156,0.8376623376623377
am,ት ስድብ,5,1,84,1.0021786492374727,1.0004775549188156,0.8441558441558441
am,እላች,3,1,80,1.0021786492374727,1.0004775549188156,0.8506493506493507
am, ይ,2,1,78,1.0021786492374727,1.0004775549188156,0.8571428571428571
am,ች ይሰረ,5,1,84,1.0021786492374727,1.0004775549188156,0.8636363636363636
am,ይላቸዋ,4,1,82,1.0021786492374727,1.0004775549188156,0.8701298701298701
am,ውነት እ,5,1,84,1.0021786492374727,1.0004775549188156,0.8766233766233766
am,ች ይሰ,4,1,82,1.0021786492374727,1.0004775549188156,0.8831168831168831
am,ለሁ ኀጢ,5,1,84,1.0021786492374727,1.0004775549188156,0.8896103896103896
am,እላችኋ,4,1,82,1.0021786492374727,1.0004775549188156,0.8961038961038961
am,ሁ ,2,1,78,1.0021786492374727,1.0004775549188156,0.9025974025974026
am, እላችኋ,5,1,84,1.0021786492374727,1.0004775549188156,0.9090909090909091
am,ረይ,2,1,78,1.0021786492374727,1.0004775549188156,0.9155844155844156
am,ሰረይላ,4,1,82,1.0021786492374727,1.0004775549188156,0.922077922077922
am, ይሰ,3,1,80,1.0021786492374727,1.0004775549188156,0.9285714285714286
am,ች ,2,1,78,1.0021786492374727,1.0004775549188156,0.935064935064935
am,እውነት,4,1,82,1.0021786492374727,1.0004775549188156,0.9415584415584416
am, ስ,2,1,78,1.0021786492374727,1.0004775549188156,0.948051948051948
am,ጆች ይሰ,5,1,84,1.0021786492374727,1.0004775549188156,0.9545454545454546
am,ይሰ,2,1,78,1.0021786492374727,1.0004775549188156,0.961038961038961
am, ለሰ,3,1,80,1.0021786492374727,1.0004775549188156,0.9675324675324676
am,ው ,2,1,78,1.0021786492374727,1.0004775549188156,0.974025974025974
am,ላቸዋል,4,1,82,1.0021786492374727,1.0004775549188156,0.9805194805194806
am,እው,2,1,78,1.0021786492374727,1.0004775549188156,0.987012987012987
am,ሁሉ ለሰ,5,1,84,1.0021786492374727,1.0004775549188156,0.9935064935064936
am,አት ስ,4,1,82,1.0021786492374727,1.0004775549188156,1.0
ge,ንፈሰ,3,1,80,1.001349527665317,1.0004775549188156,0.16666666666666666
ge,ሰ ለሰ,4,1,82,1.001349527665317,1.0004775549188156,0.17037037037037037
ge,ሰ እግዚ,5,1,84,1.001349527665317,1.0004775549188156,0.17407407407407408
ge,ተርኢ ,4,1,82,1.001349527665317,1.0004775549188156,0.17777777777777778
ge,ንፈ,2,1,78,1.001349527665317,1.0004775549188156,0.1814814814814815
ge,ጼልል ,4,1,82,1.001349527665317,1.0004775549188156,0.18518518518518517
ge,ሰ ለ,3,1,80,1.001349527665317,1.0004775549188156,0.18888888888888888
ge,ይጼልል ,5,1,84,1.001349527665317,1.0004775549188156,0.1925925925925926
ge,ነት ድሉ,5,1,84,1.001349527665317,1.0004775549188156,0.1962962962962963
ge,አብሔ,3,1,80,1.001349527665317,1.0004775549188156,0.2
ge,ኢ ወኢኮ,5,1,84,1.001349527665317,1.0004775549188156,0.2037037037037037
ge,ወመ,2,1,78,1.001349527665317,1.0004775549188156,0.2074074074074074
ge,ርኢ ወ,4,1,82,1.001349527665317,1.0004775549188156,0.2111111111111111
ge, እግ,3,1,80,1.001349527665317,1.0004775549188156,0.21481481481481482
ge,ሰው ,3,1,80,1.001349527665317,1.0004775549188156,0.21851851851851853
ge,ልመት,3,1,80,1.001349527665317,1.0004775549188156,0.2222222222222222
ge, እግዚአ,5,1,84,1.001349527665317,1.0004775549188156,0.22592592592592592
ge,ታስ,2,1,78,1.001349527665317,1.0004775549188156,0.22962962962962963
ge,ተር,2,1,78,1.001349527665317,1.0004775549188156,0.23333333333333334
ge, ኢታ,3,1,80,1.001349527665317,1.0004775549188156,0.23703703703703705
ge,ወም,2,1,78,1.001349527665317,1.0004775549188156,0.24074074074074073
ge,መን,2,1,78,1.001349527665317,1.0004775549188156,0.24444444444444444
ge,ልመ,2,1,78,1.001349527665317,1.0004775549188156,0.24814814814814815
ge,ወኢኮነ,4,1,82,1.001349527665317,1.0004775549188156,0.2518518518518518
ge,ምድር,3,1,80,1.001349527665317,1.0004775549188156,0.25555555555555554
ge, እ,2,1,78,1.001349527665317,1.0004775549188156,0.25925925925925924
ge,ድሉተ ወ,5,1,84,1.001349527665317,1.0004775549188156,0.26296296296296295
ge,ኢ ,2,1,78,1.001349527665317,1.0004775549188156,0.26666666666666666
ge,ተ ማይ,4,1,82,1.001349527665317,1.0004775549188156,0.27037037037037037
ge,ር ይጼ,4,1,82,1.001349527665317,1.0004775549188156,0.2740740740740741
ge, ይጼልል,5,1,84,1.001349527665317,1.0004775549188156,0.2777777777777778
ge,ግዚአብ,4,1,82,1.001349527665317,1.0004775549188156,0.2814814814814815
ge, ወመን,4,1,82,1.001349527665317,1.0004775549188156,0.2851851851851852
ge,ታስተርኢ,5,1,84,1.001349527665317,1.0004775549188156,0.28888888888888886
ge,እግ,2,1,78,1.001349527665317,1.0004775549188156,0.29259259259259257
ge,ስተ,2,1,78,1.001349527665317,1.0004775549188156,0.2962962962962963
ge,ስተርኢ,4,1,82,1.001349527665317,1.0004775549188156,0.3
ge,ቀላ,2,1,78,1.001349527665317,1.0004775549188156,0.3037037037037037
ge,አብ,2,1,78,1.001349527665317,1.0004775549188156,0.3074074074074074
ge,እግዚ,3,1,80,1.001349527665317,1.0004775549188156,0.3111111111111111
ge, ቀላ,3,1,80,1.001349527665317,1.0004775549188156,0.3148148148148148
ge,ት ድ,3,1,80,1.001349527665317,1.0004775549188156,0.31851851851851853
ge,ዚአብሔ,4,1,82,1.001349527665317,1.0004775549188156,0.32222222222222224
ge,ብሔ,2,1,78,1.001349527665317,1.0004775549188156,0.32592592592592595
ge,ሉተ ,3,1,80,1.001349527665317,1.0004775549188156,0.3296296296296296
ge,መንፈ,3,1,80,1.001349527665317,1.0004775549188156,0.3333333333333333
ge,ኮነ,2,1,78,1.001349527665317,1.0004775549188156,0.337037037037037
ge,ወምድ,3,1,80,1.001349527665317,1.0004775549188156,0.34074074074074073
ge,ይ ወመን,5,1,84,1.001349527665317,1.0004775549188156,0.34444444444444444
ge,ጽልመት ,5,1,84,1.001349527665317,1.0004775549188156,0.34814814814814815
ge,ሔር ,3,1,80,1.001349527665317,1.0004775549188156,0.35185185185185186
ge,ሉተ ወ,4,1,82,1.001349527665317,1.0004775549188156,0.35555555555555557
ge,ጽል,2,1,78,1.001349527665317,1.0004775549188156,0.3592592592592593
ge,ቀላይ,3,1,80,1.001349527665317,1.0004775549188156,0.362962962962963
ge,ል ,2,1,78,1.001349527665317,1.0004775549188156,0.36666666666666664
ge, ወጽል,4,1,82,1.001349527665317,1.0004775549188156,0.37037037037037035
ge,ተ ወ,3,1,80,1.001349527665317,1.0004775549188156,0.37407407407407406
ge,ት ድሉተ,5,1,84,1.001349527665317,1.0004775549188156,0.37777777777777777
ge,ሰው ኢታ,5,1,84,1.001349527665317,1.0004775549188156,0.3814814814814815
ge,ኢ ወ,3,1,80,1.001349527665317,1.0004775549188156,0.3851851851851852
ge,ተ ወጽል,5,1,84,1.001349527665317,1.0004775549188156,0.3888888888888889
ge, ወመ,3,1,80,1.001349527665317,1.0004775549188156,0.3925925925925926
ge,ርኢ ወኢ,5,1,84,1.001349527665317,1.0004775549188156,0.3962962962962963
ge,ኢኮነት ,5,1,84,1.001349527665317,1.0004775549188156,0.4
ge, ድሉተ,4,1,82,1.001349527665317,1.0004775549188156,0.40370370370370373
ge,መት ,3,1,80,1.001349527665317,1.0004775549188156,0.4074074074074074
ge,መት መ,4,1,82,1.001349527665317,1.0004775549188156,0.4111111111111111
ge,ንፈሰ እ,5,1,84,1.001349527665317,1.0004775549188156,0.4148148148148148
ge,ልተ ቀ,4,1,82,1.001349527665317,1.0004775549188156,0.4185185185185185
ge,መት መል,5,1,84,1.001349527665317,1.0004775549188156,0.4222222222222222
ge,ርሰ ,3,1,80,1.001349527665317,1.0004775549188156,0.42592592592592593
ge,ርሰ ለ,4,1,82,1.001349527665317,1.0004775549188156,0.42962962962962964
ge, ወመንፈ,5,1,84,1.001349527665317,1.0004775549188156,0.43333333333333335
ge,እግዚአብ,5,1,84,1.001349527665317,1.0004775549188156,0.43703703703703706
ge,ልል መል,5,1,84,1.001349527665317,1.0004775549188156,0.44074074074074077
ge,ወኢኮነት,5,1,84,1.001349527665317,1.0004775549188156,0.4444444444444444
ge,ወኢኮ,3,1,80,1.001349527665317,1.0004775549188156,0.44814814814814813
ge, ይጼ,3,1,80,1.001349527665317,1.0004775549188156,0.45185185185185184
ge,ድርሰ ,4,1,82,1.001349527665317,1.0004775549188156,0.45555555555555555
ge,ይጼልል,4,1,82,1.001349527665317,1.0004775549188156,0.45925925925925926
ge,ሉተ ወጽ,5,1,84,1.001349527665317,1.0004775549188156,0.46296296296296297
ge,ወመንፈሰ,5,1,84,1.001349527665317,1.0004775549188156,0.4666666666666667
ge,ብሔር ይ,5,1,84,1.001349527665317,1.0004775549188156,0.4703703703703704
ge,ሰ ለሰው,5,1,84,1.001349527665317,1.0004775549188156,0.4740740740740741
ge,ዚአ,2,1,78,1.001349527665317,1.0004775549188156,0.4777777777777778
ge,ብሔር,3,1,80,1.001349527665317,1.0004775549188156,0.48148148148148145
ge,ወጽልመ,4,1,82,1.001349527665317,1.0004775549188156,0.48518518518518516
ge,ድርሰ ለ,5,1,84,1.001349527665317,1.0004775549188156,0.4888888888888889
ge,ልተ ቀላ,5,1,84,1.001349527665317,1.0004775549188156,0.4925925925925926
ge,ሔር,2,1,78,1.001349527665317,1.0004775549188156,0.4962962962962963
ge,ት መልዕ,5,1,84,1.001349527665317,1.0004775549188156,0.5
ge, ቀላይ ,5,1,84,1.001349527665317,1.0004775549188156,0.5037037037037037
ge,ተ ወጽ,4,1,82,1.001349527665317,1.0004775549188156,0.5074074074074074
ge,ኮነት ,4,1,82,1.001349527665317,1.0004775549188156,0.5111111111111111
ge,ሰ እግ,4,1,82,1.001349527665317,1.0004775549188156,0.5148148148148148
ge,ወጽ,2,1,78,1.001349527665317,1.0004775549188156,0.5185185185185185
ge,ርኢ ,3,1,80,1.001349527665317,1.0004775549188156,0.5222222222222223
ge,ተ ቀ,3,1,80,1.001349527665317,1.0004775549188156,0.5259259259259259
ge,ርሰ,2,1,78,1.001349527665317,1.0004775549188156,0.5296296296296297
ge,ድር,2,1,78,1.001349527665317,1.0004775549188156,0.5333333333333333
ge,ር ,2,1,78,1.001349527665317,1.0004775549188156,0.5370370370370371
ge,ት መ,3,1,80,1.001349527665317,1.0004775549188156,0.5407407407407407
ge,ኢኮነት,4,1,82,1.001349527665317,1.0004775549188156,0.5444444444444444
ge,ወመንፈ,4,1,82,1.001349527665317,1.0004775549188156,0.5481481481481482
ge,ስተር,3,1,80,1.001349527665317,1.0004775549188156,0.5518518518518518
ge,ት መል,4,1,82,1.001349527665317,1.0004775549188156,0.5555555555555556
ge,ልተ ማ,4,1,82,1.001349527665317,1.0004775549188156,0.5592592592592592
ge,ለሰው ,4,1,82,1.001349527665317,1.0004775549188156,0.562962962962963
ge, ድሉ,3,1,80,1.001349527665317,1.0004775549188156,0.5666666666666667
ge,ርኢ,2,1,78,1.001349527665317,1.0004775549188156,0.5703703703703704
ge,ምድርሰ ,5,1,84,1.001349527665317,1.0004775549188156,0.5740740740740741
ge,መት,2,1,78,1.001349527665317,1.0004775549188156,0.5777777777777777
ge,ል መል,4,1,82,1.001349527665317,1.0004775549188156,0.5814814814814815
ge,ላይ ,3,1,80,1.001349527665317,1.0004775549188156,0.5851851851851851
ge,ኢታስተ,4,1,82,1.001349527665317,1.0004775549188156,0.5888888888888889
ge,ኢኮ,2,1,78,1.001349527665317,1.0004775549188156,0.5925925925925926
ge,ላይ ወመ,5,1,84,1.001349527665317,1.0004775549188156,0.5962962962962963
ge,ልመት ,4,1,82,1.001349527665317,1.0004775549188156,0.6
ge,አብሔር,4,1,82,1.001349527665317,1.0004775549188156,0.6037037037037037
ge,መንፈሰ,4,1,82,1.001349527665317,1.0004775549188156,0.6074074074074074
ge,አብሔር ,5,1,84,1.001349527665317,1.0004775549188156,0.6111111111111112
ge, ወጽ,3,1,80,1.001349527665317,1.0004775549188156,0.6148148148148148
ge,ኢኮነ,3,1,80,1.001349527665317,1.0004775549188156,0.6185185185185185
ge,ምድ,2,1,78,1.001349527665317,1.0004775549188156,0.6222222222222222
ge,ለሰው,3,1,80,1.001349527665317,1.0004775549188156,0.6259259259259259
ge, ወኢኮነ,5,1,84,1.001349527665317,1.0004775549188156,0.6296296296296297
ge,ድርሰ,3,1,80,1.001349527665317,1.0004775549188156,0.6333333333333333
ge,ተ ቀላይ,5,1,84,1.001349527665317,1.0004775549188156,0.6370370370370371
ge, ቀላይ,4,1,82,1.001349527665317,1.0004775549188156,0.6407407407407407
ge,ተ ቀላ,4,1,82,1.001349527665317,1.0004775549188156,0.6444444444444445
ge,ጽልመ,3,1,80,1.001349527665317,1.0004775549188156,0.6481481481481481
ge,ወምድርሰ,5,1,84,1.001349527665317,1.0004775549188156,0.6518518518518519
ge,ወጽል,3,1,80,1.001349527665317,1.0004775549188156,0.6555555555555556
ge,ል መልዕ,5,1,84,1.001349527665317,1.0004775549188156,0.6592592592592592
ge, ኢ,2,1,78,1.001349527665317,1.0004775549188156,0.662962962962963
ge,ማይ,2,1,78,1.001349527665317,1.0004775549188156,0.6666666666666666
ge,ኮነት,3,1,80,1.001349527665317,1.0004775549188156,0.6703703703703704
ge,ወኢ,2,1,78,1.001349527665317,1.0004775549188156,0.674074074074074
ge, ለ,2,1,78,1.001349527665317,1.0004775549188156,0.6777777777777778
ge, ማ,2,1,78,1.001349527665317,1.0004775549188156,0.6814814814814815
ge,ግዚአ,3,1,80,1.001349527665317,1.0004775549188156,0.6851851851851852
ge,ንፈሰ ,4,1,82,1.001349527665317,1.0004775549188156,0.6888888888888889
ge,ርሰ ለሰ,5,1,84,1.001349527665317,1.0004775549188156,0.6925925925925925
ge,ነት ,3,1,80,1.001349527665317,1.0004775549188156,0.6962962962962963
ge,ቀላይ ወ,5,1,84,1.001349527665317,1.0004775549188156,0.7
ge, ኢታስ,4,1,82,1.001349527665317,1.0004775549188156,0.7037037037037037
ge,መንፈሰ ,5,1,84,1.001349527665317,1.0004775549188156,0.7074074074074074
ge,ወምድር,4,1,82,1.001349527665317,1.0004775549188156,0.7111111111111111
ge, እግዚ,4,1,82,1.001349527665317,1.0004775549188156,0.7148148148148148
ge,ወጽልመት,5,1,84,1.001349527665317,1.0004775549188156,0.7185185185185186
ge,ድሉ,2,1,78,1.001349527665317,1.0004775549188156,0.7222222222222222
ge,ር ይ,3,1,80,1.001349527665317,1.0004775549188156,0.725925925925926
ge,ልል መ,4,1,82,1.001349527665317,1.0004775549188156,0.7296296296296296
ge,ልመት መ,5,1,84,1.001349527665317,1.0004775549188156,0.7333333333333333
ge,ጼል,2,1,78,1.001349527665317,1.0004775549188156,0.737037037037037
ge, ለሰው,4,1,82,1.001349527665317,1.0004775549188156,0.7407407407407407
ge, ወኢኮ,4,1,82,1.001349527665317,1.0004775549188156,0.7444444444444445
ge, ቀ,2,1,78,1.001349527665317,1.0004775549188156,0.7481481481481481
ge,ው ኢታስ,5,1,84,1.001349527665317,1.0004775549188156,0.7518518518518519
ge,ዕልተ ቀ,5,1,84,1.001349527665317,1.0004775549188156,0.7555555555555555
ge,ው ኢ,3,1,80,1.001349527665317,1.0004775549188156,0.7592592592592593
ge,ኢታ,2,1,78,1.001349527665317,1.0004775549188156,0.762962962962963
ge,ፈሰ ,3,1,80,1.001349527665317,1.0004775549188156,0.7666666666666667
ge, ማይ,3,1,80,1.001349527665317,1.0004775549188156,0.7703703703703704
ge,ወመን,3,1,80,1.001349527665317,1.0004775549188156,0.774074074074074
ge, ወኢ,3,1,80,1.001349527665317,1.0004775549188156,0.7777777777777778
ge,ፈሰ እግ,5,1,84,1.001349527665317,1.0004775549188156,0.7814814814814814
ge,ልተ ማይ,5,1,84,1.001349527665317,1.0004775549188156,0.7851851851851852
ge,ምድርሰ,4,1,82,1.001349527665317,1.0004775549188156,0.7888888888888889
ge,ሉተ,2,1,78,1.001349527665317,1.0004775549188156,0.7925925925925926
ge,ፈሰ,2,1,78,1.001349527665317,1.0004775549188156,0.7962962962962963
ge, ኢታስተ,5,1,84,1.001349527665317,1.0004775549188156,0.8
ge,ዕልተ ማ,5,1,84,1.001349527665317,1.0004775549188156,0.8037037037037037
ge,ነት ድ,4,1,82,1.001349527665317,1.0004775549188156,0.8074074074074075
ge,ኢታስ,3,1,80,1.001349527665317,1.0004775549188156,0.8111111111111111
ge,ይ ,2,1,78,1.001349527665317,1.0004775549188156,0.8148148148148148
ge,ይጼል,3,1,80,1.001349527665317,1.0004775549188156,0.8185185185185185
ge,ው ኢታ,4,1,82,1.001349527665317,1.0004775549188156,0.8222222222222222
ge,ይ ወ,3,1,80,1.001349527665317,1.0004775549188156,0.825925925925926
ge, ድሉተ ,5,1,84,1.001349527665317,1.0004775549188156,0.8296296296296296
ge,ታስተር,4,1,82,1.001349527665317,1.0004775549188156,0.8333333333333334
ge,ኮነት ድ,5,1,84,1.001349527665317,1.0004775549188156,0.837037037037037
ge,ነት,2,1,78,1.001349527665317,1.0004775549188156,0.8407407407407408
ge,ሰው,2,1,78,1.001349527665317,1.0004775549188156,0.8444444444444444
ge,ጼልል,3,1,80,1.001349527665317,1.0004775549188156,0.8481481481481481
ge, ለሰው ,5,1,84,1.001349527665317,1.0004775549188156,0.8518518518518519
ge, ይጼል,4,1,82,1.001349527665317,1.0004775549188156,0.8555555555555555
ge,ስተርኢ ,5,1,84,1.001349527665317,1.0004775549188156,0.8592592592592593
ge,ጽልመት,4,1,82,1.001349527665317,1.0004775549188156,0.8629629629629629
ge,ድሉተ,3,1,80,1.001349527665317,1.0004775549188156,0.8666666666666667
ge,ተ ማ,3,1,80,1.001349527665317,1.0004775549188156,0.8703703703703703
ge,ላይ ወ,4,1,82,1.001349527665317,1.0004775549188156,0.8740740740740741
ge,ተርኢ,3,1,80,1.001349527665317,1.0004775549188156,0.8777777777777778
ge,ል መ,3,1,80,1.001349527665317,1.0004775549188156,0.8814814814814815
ge, ድ,2,1,78,1.001349527665317,1.0004775549188156,0.8851851851851852
ge,ይጼ,2,1,78,1.001349527665317,1.0004775549188156,0.8888888888888888
ge,ብሔር ,4,1,82,1.001349527665317,1.0004775549188156,0.8925925925925926
ge,ለሰ,2,1,78,1.001349527665317,1.0004775549188156,0.8962962962962963
ge,ይ ወመ,4,1,82,1.001349527665317,1.0004775549188156,0.9
ge,ር ይጼል,5,1,84,1.001349527665317,1.0004775549188156,0.9037037037037037
ge,ሔር ይጼ,5,1,84,1.001349527665317,1.0004775549188156,0.9074074074074074
ge,ሰው ኢ,4,1,82,1.001349527665317,1.0004775549188156,0.9111111111111111
ge,ፈሰ እ,4,1,82,1.001349527665317,1.0004775549188156,0.9148148148148149
ge, ይ,2,1,78,1.001349527665317,1.0004775549188156,0.9185185185185185
ge,ጼልል መ,5,1,84,1.001349527665317,1.0004775549188156,0.9222222222222223
ge,ታስተ,3,1,80,1.001349527665317,1.0004775549188156,0.9259259259259259
ge,ሔር ይ,4,1,82,1.001349527665317,1.0004775549188156,0.9296296296296296
ge,እግዚአ,4,1,82,1.001349527665317,1.0004775549188156,0.9333333333333333
ge,ት ድሉ,4,1,82,1.001349527665317,1.0004775549188156,0.937037037037037
ge,ተርኢ ወ,5,1,84,1.001349527665317,1.0004775549188156,0.9407407407407408
ge,ግዚ,2,1,78,1.001349527665317,1.0004775549188156,0.9444444444444444
ge,ግዚአብሔ,5,1,84,1.001349527665317,1.0004775549188156,0.9481481481481482
ge,ኢ ወኢ,4,1,82,1.001349527665317,1.0004775549188156,0.9518518518518518
ge, ወጽልመ,5,1,84,1.001349527665317,1.0004775549188156,0.9555555555555556
ge,ድሉተ ,4,1,82,1.001349527665317,1.0004775549188156,0.9592592592592593
ge,ልል ,3,1,80,1.001349527665317,1.0004775549188156,0.9629629629629629
ge,ለሰው ኢ,5,1,84,1.001349527665317,1.0004775549188156,0.9666666666666667
ge,ኢታስተር,5,1,84,1.001349527665317,1.0004775549188156,0.9703703703703703
ge,ዚአብሔር,5,1,84,1.001349527665317,1.0004775549188156,0.9740740740740741
ge, ለሰ,3,1,80,1.001349527665317,1.0004775549188156,0.9777777777777777
ge,ው ,2,1,78,1.001349527665317,1.0004775549188156,0.9814814814814815
ge,ላይ,2,1,78,1.001349527665317,1.0004775549188156,0.9851851851851852
ge,ሰ እ,3,1,80,1.001349527665317,1.0004775549188156,0.9888888888888889
ge,ዚአብ,3,1,80,1.001349527665317,1.0004775549188156,0.9925925925925926
ge,ልል,2,1,78,1.001349527665317,1.0004775549188156,0.9962962962962963
ge,ቀላይ ,4,1,82,1.001349527665317,1.0004775549188156,1.0
gu,መታ የ,4,1,82,1.002469135802469,1.0004775549188156,0.2911392405063291
gu, ኧርቹ,4,1,82,1.002469135802469,1.0004775549188156,0.2974683544303797
gu,እቆብ ያ,5,1,84,1.002469135802469,1.0004775549188156,0.3037974683544304
gu, ኧ,2,1,78,1.002469135802469,1.0004775549188156,0.310126582278481
gu,ኹዳም ጐ,5,1,84,1.002469135802469,1.0004775549188156,0.31645569620253167
gu,ም ጐፔመ,5,1,84,1.002469135802469,1.0004775549188156,0.3227848101265823
gu,ብ ያእ,4,1,82,1.002469135802469,1.0004775549188156,0.3291139240506329
gu, ያ,2,1,78,1.002469135802469,1.0004775549188156,0.33544303797468356
gu,ቅ ይስ,4,1,82,1.002469135802469,1.0004775549188156,0.34177215189873417
gu, የያእ,4,1,82,1.002469135802469,1.0004775549188156,0.34810126582278483
gu,የአብር,4,1,82,1.002469135802469,1.0004775549188156,0.35443037974683544
gu,የይስኻቅ,5,1,84,1.002469135802469,1.0004775549188156,0.36075949367088606
gu,ቆብ የይ,5,1,84,1.002469135802469,1.0004775549188156,0.3670886075949367
gu, የይስ,4,1,82,1.002469135802469,1.0004775549188156,0.37341772151898733
gu, ጐፔመ,4,1,82,1.002469135802469,1.0004775549188156,0.379746835443038
gu,አብ,2,1,78,1.002469135802469,1.0004775549188156,0.3860759493670886
gu,ቅ የአ,4,1,82,1.002469135802469,1.0004775549188156,0.3924050632911392
gu,የያ,2,1,78,1.002469135802469,1.0004775549188156,0.3987341772151899
gu, የይ,3,1,80,1.002469135802469,1.0004775549188156,0.4050632911392405
gu,ም ኧር,4,1,82,1.002469135802469,1.0004775549188156,0.41139240506329117
gu,ታ የያእ,5,1,84,1.002469135802469,1.0004775549188156,0.4177215189873418
gu,ርኻ,2,1,78,1.002469135802469,1.0004775549188156,0.4240506329113924
gu, የያ,3,1,80,1.002469135802469,1.0004775549188156,0.43037974683544306
gu,ጐፔመታ ,5,1,84,1.002469135802469,1.0004775549188156,0.43670886075949367
gu,ፔመታ,3,1,80,1.002469135802469,1.0004775549188156,0.4430379746835443
gu,ብ ያእቆ,5,1,84,1.002469135802469,1.0004775549188156,0.44936708860759494
gu,ብር,2,1,78,1.002469135802469,1.0004775549188156,0.45569620253164556
gu,ዳም,2,1,78,1.002469135802469,1.0004775549188156,0.4620253164556962
gu,ቅ የ,3,1,80,1.002469135802469,1.0004775549188156,0.46835443037974683
gu,የያእቆብ,5,1,84,1.002469135802469,1.0004775549188156,0.47468354430379744
gu,ብርኻ,3,1,80,1.002469135802469,1.0004775549188156,0.4810126582278481
gu,ቆብ የ,4,1,82,1.002469135802469,1.0004775549188156,0.4873417721518987
gu, ያእቆ,4,1,82,1.002469135802469,1.0004775549188156,0.4936708860759494
gu,የአ,2,1,78,1.002469135802469,1.0004775549188156,0.5
gu,ርኻም,3,1,80,1.002469135802469,1.0004775549188156,0.5063291139240507
gu,ጐፔ,2,1,78,1.002469135802469,1.0004775549188156,0.5126582278481012
gu,ታ ,2,1,78,1.002469135802469,1.0004775549188156,0.5189873417721519
gu,ኻም ኧር,5,1,84,1.002469135802469,1.0004775549188156,0.5253164556962026
gu,ብ የይስ,5,1,84,1.002469135802469,1.0004775549188156,0.5316455696202531
gu, ጐፔመታ,5,1,84,1.002469135802469,1.0004775549188156,0.5379746835443038
gu,እቆብ የ,5,1,84,1.002469135802469,1.0004775549188156,0.5443037974683544
gu,ቅ ይስኻ,5,1,84,1.002469135802469,1.0004775549188156,0.5506329113924051
gu,መታ,2,1,78,1.002469135802469,1.0004775549188156,0.5569620253164557
gu,ቅ የአብ,5,1,84,1.002469135802469,1.0004775549188156,0.5632911392405063
gu,ስኻቅ ይ,5,1,84,1.002469135802469,1.0004775549188156,0.569620253164557
gu, ይስኻቅ,5,1,84,1.002469135802469,1.0004775549188156,0.5759493670886076
gu,መታ የያ,5,1,84,1.002469135802469,1.0004775549188156,0.5822784810126582
gu,የይስ,3,1,80,1.002469135802469,1.0004775549188156,0.5886075949367089
gu,የይ,2,1,78,1.002469135802469,1.0004775549188156,0.5949367088607594
gu,ርኻም ኧ,5,1,84,1.002469135802469,1.0004775549188156,0.6012658227848101
gu,ኻም ኧ,4,1,82,1.002469135802469,1.0004775549188156,0.6075949367088608
gu, ያእ,3,1,80,1.002469135802469,1.0004775549188156,0.6139240506329114
gu,ዳም ጐ,4,1,82,1.002469135802469,1.0004775549188156,0.620253164556962
gu,መታ ,3,1,80,1.002469135802469,1.0004775549188156,0.6265822784810127
gu,ብ ያ,3,1,80,1.002469135802469,1.0004775549188156,0.6329113924050633
gu,ኻቅ ይስ,5,1,84,1.002469135802469,1.0004775549188156,0.6392405063291139
gu,ዳም ጐፔ,5,1,84,1.002469135802469,1.0004775549188156,0.6455696202531646
gu, ኧር,3,1,80,1.002469135802469,1.0004775549188156,0.6518987341772152
gu,ኻቅ የ,4,1,82,1.002469135802469,1.0004775549188156,0.6582278481012658
gu,አብርኻ,4,1,82,1.002469135802469,1.0004775549188156,0.6645569620253164
gu,ቅ ይ,3,1,80,1.002469135802469,1.0004775549188156,0.6708860759493671
gu,የይስኻ,4,1,82,1.002469135802469,1.0004775549188156,0.6772151898734177
gu,ፔመታ ,4,1,82,1.002469135802469,1.0004775549188156,0.6835443037974683
gu,ም ኧርቹ,5,1,84,1.002469135802469,1.0004775549188156,0.689873417721519
gu, የያእቆ,5,1,84,1.002469135802469,1.0004775549188156,0.6962025316455697
gu,ይኹዳም ,5,1,84,1.002469135802469,1.0004775549188156,0.7025316455696202
gu, ይስኻ,4,1,82,1.002469135802469,1.0004775549188156,0.7088607594936709
gu,ፔመታ የ,5,1,84,1.002469135802469,1.0004775549188156,0.7151898734177216
gu, ይስ,3,1,80,1.002469135802469,1.0004775549188156,0.7215189873417721
gu,ርቹ,2,1,78,1.002469135802469,1.0004775549188156,0.7278481012658228
gu,የአብርኻ,5,1,84,1.002469135802469,1.0004775549188156,0.7341772151898734
gu,ኹዳም,3,1,80,1.002469135802469,1.0004775549188156,0.740506329113924
gu,ም ጐ,3,1,80,1.002469135802469,1.0004775549188156,0.7468354430379747
gu,የያእ,3,1,80,1.002469135802469,1.0004775549188156,0.7531645569620253
gu,ም ኧ,3,1,80,1.002469135802469,1.0004775549188156,0.759493670886076
gu, ጐፔ,3,1,80,1.002469135802469,1.0004775549188156,0.7658227848101266
gu,ም ጐፔ,4,1,82,1.002469135802469,1.0004775549188156,0.7721518987341772
gu,ኻም,2,1,78,1.002469135802469,1.0004775549188156,0.7784810126582279
gu,ጐፔመ,3,1,80,1.002469135802469,1.0004775549188156,0.7848101265822784
gu,ቆብ ያ,4,1,82,1.002469135802469,1.0004775549188156,0.7911392405063291
gu,አብር,3,1,80,1.002469135802469,1.0004775549188156,0.7974683544303798
gu,የአብ,3,1,80,1.002469135802469,1.0004775549188156,0.8037974683544303
gu,ኻቅ የአ,5,1,84,1.002469135802469,1.0004775549188156,0.810126582278481
gu, ጐ,2,1,78,1.002469135802469,1.0004775549188156,0.8164556962025317
gu,ቆብ ያእ,5,1,84,1.002469135802469,1.0004775549188156,0.8227848101265823
gu,ኧርቹ,3,1,80,1.002469135802469,1.0004775549188156,0.8291139240506329
gu, የአብር,5,1,84,1.002469135802469,1.0004775549188156,0.8354430379746836
gu,ታ የ,3,1,80,1.002469135802469,1.0004775549188156,0.8417721518987342
gu,ብርኻም ,5,1,84,1.002469135802469,1.0004775549188156,0.8481012658227848
gu,የያእቆ,4,1,82,1.002469135802469,1.0004775549188156,0.8544303797468354
gu,ኻቅ ይ,4,1,82,1.002469135802469,1.0004775549188156,0.8607594936708861
gu,ጐፔመታ,4,1,82,1.002469135802469,1.0004775549188156,0.8670886075949367
gu, ያእቆብ,5,1,84,1.002469135802469,1.0004775549188156,0.8734177215189873
gu, የአ,3,1,80,1.002469135802469,1.0004775549188156,0.879746835443038
gu, የይስኻ,5,1,84,1.002469135802469,1.0004775549188156,0.8860759493670886
gu,ብ የ,3,1,80,1.002469135802469,1.0004775549188156,0.8924050632911392
gu,ታ የያ,4,1,82,1.002469135802469,1.0004775549188156,0.8987341772151899
gu,ኧር,2,1,78,1.002469135802469,1.0004775549188156,0.9050632911392406
gu, ይ,2,1,78,1.002469135802469,1.0004775549188156,0.9113924050632911
gu,ብርኻም,4,1,82,1.002469135802469,1.0004775549188156,0.9177215189873418
gu,ይኹ,2,1,78,1.002469135802469,1.0004775549188156,0.9240506329113924
gu,ይኹዳም,4,1,82,1.002469135802469,1.0004775549188156,0.930379746835443
gu,ኹዳም ,4,1,82,1.002469135802469,1.0004775549188156,0.9367088607594937
gu, የአብ,4,1,82,1.002469135802469,1.0004775549188156,0.9430379746835443
gu,ኻም ,3,1,80,1.002469135802469,1.0004775549188156,0.9493670886075949
gu,ኹዳ,2,1,78,1.002469135802469,1.0004775549188156,0.9556962025316456
gu,ይኹዳ,3,1,80,1.002469135802469,1.0004775549188156,0.9620253164556962
gu,ስኻቅ የ,5,1,84,1.002469135802469,1.0004775549188156,0.9683544303797469
gu,አብርኻም,5,1,84,1.002469135802469,1.0004775549188156,0.9746835443037974
gu,ርኻም ,4,1,82,1.002469135802469,1.0004775549188156,0.9810126582278481
gu,ፔመ,2,1,78,1.002469135802469,1.0004775549188156,0.9873417721518988
gu,ዳም ,3,1,80,1.002469135802469,1.0004775549188156,0.9936708860759493
gu,ብ የይ,4,1,82,1.002469135802469,1.0004775549188156,1.0
ti,ስቶስ ት,5,1,84,1.0020449897750512,1.0004775549188156,0.12643678160919541
ti,ዲ ኣ,3,1,80,1.0020449897750512,1.0004775549188156,0.13218390804597702
ti, ትው,3,1,80,1.0020449897750512,1.0004775549188156,0.13793103448275862
ti,ጽሓ,2,1,78,1.0020449897750512,1.0004775549188156,0.14367816091954022
ti,የሱስ ,4,1,82,1.0020449897750512,1.0004775549188156,0.14942528735632185
ti,ት ወዲ,4,1,82,1.0020449897750512,1.0004775549188156,0.15517241379310345
ti, ወዲ,3,1,80,1.0020449897750512,1.0004775549188156,0.16091954022988506
ti, ት,2,1,78,1.0020449897750512,1.0004775549188156,0.16666666666666666
ti,ስቶስ,3,1,80,1.0020449897750512,1.0004775549188156,0.1724137931034483
ti,ሱስ ,3,1,80,1.0020449897750512,1.0004775549188156,0.1781609195402299
ti,ስ ክ,3,1,80,1.0020449897750512,1.0004775549188156,0.1839080459770115
ti,ኣብርሃ,4,1,82,1.0020449897750512,1.0004775549188156,0.1896551724137931
ti,ስቶስ ,4,1,82,1.0020449897750512,1.0004775549188156,0.19540229885057472
ti,ነ ናይ ,5,1,84,1.0020449897750512,1.0004775549188156,0.20114942528735633
ti,ት ,2,1,78,1.0020449897750512,1.0004775549188156,0.20689655172413793
ti,ስ ት,3,1,80,1.0020449897750512,1.0004775549188156,0.21264367816091953
ti,ክርስ,3,1,80,1.0020449897750512,1.0004775549188156,0.21839080459770116
ti, ወ,2,1,78,1.0020449897750512,1.0004775549188156,0.22413793103448276
ti, ትውልዲ,5,1,84,1.0020449897750512,1.0004775549188156,0.22988505747126436
ti,ብርሃም ,5,1,84,1.0020449897750512,1.0004775549188156,0.23563218390804597
ti, ክ,2,1,78,1.0020449897750512,1.0004775549188156,0.2413793103448276
ti,ይ ዝኾነ,5,1,84,1.0020449897750512,1.0004775549188156,0.2471264367816092
ti,ክርስቶስ,5,1,84,1.0020449897750512,1.0004775549188156,0.25287356321839083
ti,ቶስ,2,1,78,1.0020449897750512,1.0004775549188156,0.25862068965517243
ti,ርስቶስ,4,1,82,1.0020449897750512,1.0004775549188156,0.26436781609195403
ti,ኢየሱ,3,1,80,1.0020449897750512,1.0004775549188156,0.27011494252873564
ti, ኣብርሃ,5,1,84,1.0020449897750512,1.0004775549188156,0.27586206896551724
ti,ስ ክርስ,5,1,84,1.0020449897750512,1.0004775549188156,0.28160919540229884
ti,ልዲ,2,1,78,1.0020449897750512,1.0004775549188156,0.28735632183908044
ti,ት ወዲ ,5,1,84,1.0020449897750512,1.0004775549188156,0.29310344827586204
ti,ልዲ ,3,1,80,1.0020449897750512,1.0004775549188156,0.2988505747126437
ti,ዊት ወዲ,5,1,84,1.0020449897750512,1.0004775549188156,0.3045977011494253
ti,ስ ትውል,5,1,84,1.0020449897750512,1.0004775549188156,0.3103448275862069
ti, ዳ,2,1,78,1.0020449897750512,1.0004775549188156,0.3160919540229885
ti,ኾነ,2,1,78,1.0020449897750512,1.0004775549188156,0.3218390804597701
ti,ብር,2,1,78,1.0020449897750512,1.0004775549188156,0.3275862068965517
ti, ትውል,4,1,82,1.0020449897750512,1.0004775549188156,0.3333333333333333
ti, ኢየ,3,1,80,1.0020449897750512,1.0004775549188156,0.3390804597701149
ti,ም ,2,1,78,1.0020449897750512,1.0004775549188156,0.3448275862068966
ti,ርሃም ና,5,1,84,1.0020449897750512,1.0004775549188156,0.3505747126436782
ti,ቶስ ,3,1,80,1.0020449897750512,1.0004775549188156,0.3563218390804598
ti,ዝኾነ,3,1,80,1.0020449897750512,1.0004775549188156,0.3620689655172414
ti,ስ ክር,4,1,82,1.0020449897750512,1.0004775549188156,0.367816091954023
ti,ኢየ,2,1,78,1.0020449897750512,1.0004775549188156,0.3735632183908046
ti, ክርስቶ,5,1,84,1.0020449897750512,1.0004775549188156,0.3793103448275862
ti,ዊት ,3,1,80,1.0020449897750512,1.0004775549188156,0.3850574712643678
ti,ትውልዲ,4,1,82,1.0020449897750512,1.0004775549188156,0.39080459770114945
ti,ዝኾ,2,1,78,1.0020449897750512,1.0004775549188156,0.39655172413793105
ti, ዝኾነ,4,1,82,1.0020449897750512,1.0004775549188156,0.40229885057471265
ti,ዳዊ,2,1,78,1.0020449897750512,1.0004775549188156,0.40804597701149425
ti, መጽ,3,1,80,1.0020449897750512,1.0004775549188156,0.41379310344827586
ti,ዳዊት ,4,1,82,1.0020449897750512,1.0004775549188156,0.41954022988505746
ti,የሱስ ክ,5,1,84,1.0020449897750512,1.0004775549188156,0.42528735632183906
ti,ኾነ ና,4,1,82,1.0020449897750512,1.0004775549188156,0.43103448275862066
ti,ዊት,2,1,78,1.0020449897750512,1.0004775549188156,0.4367816091954023
ti,ይ ኢየ,4,1,82,1.0020449897750512,1.0004775549188156,0.4425287356321839
ti, ኢየሱ,4,1,82,1.0020449897750512,1.0004775549188156,0.4482758620689655
ti, ናይ ዝ,5,1,84,1.0020449897750512,1.0004775549188156,0.4540229885057471
ti,ኣብር,3,1,80,1.0020449897750512,1.0004775549188156,0.45977011494252873
ti,ልዲ መ,4,1,82,1.0020449897750512,1.0004775549188156,0.46551724137931033
ti,ኢየሱስ ,5,1,84,1.0020449897750512,1.0004775549188156,0.47126436781609193
ti,ውል,2,1,78,1.0020449897750512,1.0004775549188156,0.47701149425287354
ti,ርስ,2,1,78,1.0020449897750512,1.0004775549188156,0.4827586206896552
ti,ም ናይ ,5,1,84,1.0020449897750512,1.0004775549188156,0.4885057471264368
ti,ዳዊት ወ,5,1,84,1.0020449897750512,1.0004775549188156,0.4942528735632184
ti,መጽ,2,1,78,1.0020449897750512,1.0004775549188156,0.5
ti,ይ ዝ,3,1,80,1.0020449897750512,1.0004775549188156,0.5057471264367817
ti,ትውልዲ ,5,1,84,1.0020449897750512,1.0004775549188156,0.5114942528735632
ti,ውልዲ,3,1,80,1.0020449897750512,1.0004775549188156,0.5172413793103449
ti,ርሃ,2,1,78,1.0020449897750512,1.0004775549188156,0.5229885057471264
ti,ወዲ ኣብ,5,1,84,1.0020449897750512,1.0004775549188156,0.5287356321839081
ti,የሱስ,3,1,80,1.0020449897750512,1.0004775549188156,0.5344827586206896
ti,ቶስ ት,4,1,82,1.0020449897750512,1.0004775549188156,0.5402298850574713
ti,ዲ ዳ,3,1,80,1.0020449897750512,1.0004775549188156,0.5459770114942529
ti,ሃም ናይ,5,1,84,1.0020449897750512,1.0004775549188156,0.5517241379310345
ti,ዲ መጽሓ,5,1,84,1.0020449897750512,1.0004775549188156,0.5574712643678161
ti,ነ ና,3,1,80,1.0020449897750512,1.0004775549188156,0.5632183908045977
ti,ዲ ኣብር,5,1,84,1.0020449897750512,1.0004775549188156,0.5689655172413793
ti,ክር,2,1,78,1.0020449897750512,1.0004775549188156,0.5747126436781609
ti,ኣብ,2,1,78,1.0020449897750512,1.0004775549188156,0.5804597701149425
ti,ም ናይ,4,1,82,1.0020449897750512,1.0004775549188156,0.5862068965517241
ti, ዳዊት,4,1,82,1.0020449897750512,1.0004775549188156,0.5919540229885057
ti,ውልዲ መ,5,1,84,1.0020449897750512,1.0004775549188156,0.5977011494252874
ti, ኢ,2,1,78,1.0020449897750512,1.0004775549188156,0.603448275862069
ti,ዊት ወ,4,1,82,1.0020449897750512,1.0004775549188156,0.6091954022988506
ti,ነ ናይ,4,1,82,1.0020449897750512,1.0004775549188156,0.6149425287356322
ti, መ,2,1,78,1.0020449897750512,1.0004775549188156,0.6206896551724138
ti,ርሃም ,4,1,82,1.0020449897750512,1.0004775549188156,0.6264367816091954
ti, ዝኾ,3,1,80,1.0020449897750512,1.0004775549188156,0.632183908045977
ti,ወዲ ዳ,4,1,82,1.0020449897750512,1.0004775549188156,0.6379310344827587
ti, መጽሓፍ,5,1,84,1.0020449897750512,1.0004775549188156,0.6436781609195402
ti,ልዲ መጽ,5,1,84,1.0020449897750512,1.0004775549188156,0.6494252873563219
ti,ርስቶ,3,1,80,1.0020449897750512,1.0004775549188156,0.6551724137931034
ti,ት ወ,3,1,80,1.0020449897750512,1.0004775549188156,0.6609195402298851
ti, ወዲ ኣ,5,1,84,1.0020449897750512,1.0004775549188156,0.6666666666666666
ti,ስ ትው,4,1,82,1.0020449897750512,1.0004775549188156,0.6724137931034483
ti, ኣብ,3,1,80,1.0020449897750512,1.0004775549188156,0.6781609195402298
ti,ጽሓፍ,3,1,80,1.0020449897750512,1.0004775549188156,0.6839080459770115
ti,ዲ ዳዊ,4,1,82,1.0020449897750512,1.0004775549188156,0.6896551724137931
ti,ዲ ኣብ,4,1,82,1.0020449897750512,1.0004775549188156,0.6954022988505747
ti,ክርስቶ,4,1,82,1.0020449897750512,1.0004775549188156,0.7011494252873564
ti,ውልዲ ,4,1,82,1.0020449897750512,1.0004775549188156,0.7068965517241379
ti,ርሃም,3,1,80,1.0020449897750512,1.0004775549188156,0.7126436781609196
ti,ትውል,3,1,80,1.0020449897750512,1.0004775549188156,0.7183908045977011
ti,ም ና,3,1,80,1.0020449897750512,1.0004775549188156,0.7241379310344828
ti, ዳዊ,3,1,80,1.0020449897750512,1.0004775549188156,0.7298850574712644
ti, ክርስ,4,1,82,1.0020449897750512,1.0004775549188156,0.735632183908046
ti,ስቶ,2,1,78,1.0020449897750512,1.0004775549188156,0.7413793103448276
ti, ዳዊት ,5,1,84,1.0020449897750512,1.0004775549188156,0.7471264367816092
ti,ርስቶስ ,5,1,84,1.0020449897750512,1.0004775549188156,0.7528735632183908
ti,ሱስ ክ,4,1,82,1.0020449897750512,1.0004775549188156,0.7586206896551724
ti,ሃም ና,4,1,82,1.0020449897750512,1.0004775549188156,0.764367816091954
ti,ሃም ,3,1,80,1.0020449897750512,1.0004775549188156,0.7701149425287356
ti,ሱስ,2,1,78,1.0020449897750512,1.0004775549188156,0.7758620689655172
ti, ክር,3,1,80,1.0020449897750512,1.0004775549188156,0.7816091954022989
ti,ብርሃም,4,1,82,1.0020449897750512,1.0004775549188156,0.7873563218390804
ti,መጽሓ,3,1,80,1.0020449897750512,1.0004775549188156,0.7931034482758621
ti,ዝኾነ ,4,1,82,1.0020449897750512,1.0004775549188156,0.7988505747126436
ti,ኢየሱስ,4,1,82,1.0020449897750512,1.0004775549188156,0.8045977011494253
ti, መጽሓ,4,1,82,1.0020449897750512,1.0004775549188156,0.8103448275862069
ti,መጽሓፍ,4,1,82,1.0020449897750512,1.0004775549188156,0.8160919540229885
ti,ይ ኢየሱ,5,1,84,1.0020449897750512,1.0004775549188156,0.8218390804597702
ti,ናይ ዝ,4,1,82,1.0020449897750512,1.0004775549188156,0.8275862068965517
ti,ትው,2,1,78,1.0020449897750512,1.0004775549188156,0.8333333333333334
ti,ዝኾነ ና,5,1,84,1.0020449897750512,1.0004775549188156,0.8390804597701149
ti,ይ ዝኾ,4,1,82,1.0020449897750512,1.0004775549188156,0.8448275862068966
ti,ናይ ኢ,4,1,82,1.0020449897750512,1.0004775549188156,0.8505747126436781
ti,ወዲ ኣ,4,1,82,1.0020449897750512,1.0004775549188156,0.8563218390804598
ti,ዳዊት,3,1,80,1.0020449897750512,1.0004775549188156,0.8620689655172413
ti, ወዲ ,4,1,82,1.0020449897750512,1.0004775549188156,0.867816091954023
ti, ኢየሱስ,5,1,84,1.0020449897750512,1.0004775549188156,0.8735632183908046
ti,ዲ ዳዊት,5,1,84,1.0020449897750512,1.0004775549188156,0.8793103448275862
ti,ወዲ ዳዊ,5,1,84,1.0020449897750512,1.0004775549188156,0.8850574712643678
ti,ቶስ ትው,5,1,84,1.0020449897750512,1.0004775549188156,0.8908045977011494
ti,ኾነ ,3,1,80,1.0020449897750512,1.0004775549188156,0.896551724137931
ti,ሃም,2,1,78,1.0020449897750512,1.0004775549188156,0.9022988505747126
ti,ኾነ ናይ,5,1,84,1.0020449897750512,1.0004775549188156,0.9080459770114943
ti, ናይ ኢ,5,1,84,1.0020449897750512,1.0004775549188156,0.9137931034482759
ti, ዝ,2,1,78,1.0020449897750512,1.0004775549188156,0.9195402298850575
ti,ይ ኢ,3,1,80,1.0020449897750512,1.0004775549188156,0.9252873563218391
ti,ዲ መጽ,4,1,82,1.0020449897750512,1.0004775549188156,0.9310344827586207
ti,የሱ,2,1,78,1.0020449897750512,1.0004775549188156,0.9367816091954023
ti,ብርሃ,3,1,80,1.0020449897750512,1.0004775549188156,0.9425287356321839
ti, ኣብር,4,1,82,1.0020449897750512,1.0004775549188156,0.9482758620689655
ti, ዝኾነ ,5,1,84,1.0020449897750512,1.0004775549188156,0.9540229885057471
ti,ሱስ ክር,5,1,84,1.0020449897750512,1.0004775549188156,0.9597701149425287
ti,ዲ መ,3,1,80,1.0020449897750512,1.0004775549188156,0.9655172413793104
ti,ሓፍ,2,1,78,1.0020449897750512,1.0004775549188156,0.9712643678160919
ti,ኣብርሃም,5,1,84,1.0020449897750512,1.0004775549188156,0.9770114942528736
ti,ነ ,2,1,78,1.0020449897750512,1.0004775549188156,0.9827586206896551
ti,ናይ ዝኾ,5,1,84,1.0020449897750512,1.0004775549188156,0.9885057471264368
ti, ኣ,2,1,78,1.0020449897750512,1.0004775549188156,0.9942528735632183
ti,ናይ ኢየ,5,1,84,1.0020449897750512,1.0004775549188156,1.0
