CFA,9,il,1,2204,0.8339382940108893,0.8337711910559397,0.8343777625692707,0.8340743665319854,2
CFA,9,il,1,2204,0.8166969147005445,0.8362458027784514,0.8155826739615039,0.8257849982889045,3
CFA,9,il,1,2204,0.6288566243194192,0.7836147352066516,0.625822859723546,0.6958860985013292,4
CFA,9,il,1,2204,0.44509981851179675,0.7936560983621103,0.44055102807816104,0.5665921101628815,5
CFA,9,il,1,2204,0.32078039927404717,0.7853683398280675,0.31611375156918514,0.45078487286485597,6
CFA,9,il,1,2204,0.2717785843920145,0.7765199943177783,0.26649237558049,0.3968057598236868,7
CFA,9,il,1,2204,0.2604355716878403,0.8141814865481076,0.2550168286968941,0.3883844142340309,8
CFA,9,il,1,2204,0.2554446460980036,0.0638611615245009,0.25,0.10173473075533068,9
CFA,9,il,1,2204,0.2554446460980036,0.0638611615245009,0.25,0.10173473075533068,10
CFA,9,il,1,2204,0.2554446460980036,0.0638611615245009,0.25,0.10173473075533068,11
NBC,9,il,1,2204,0.8484573502722323,0.8504215641991439,0.8496691399614453,0.8500451855767568,2
NBC,9,il,1,2204,0.8071687840290381,0.8202884373796175,0.8066095532111279,0.8133914895779961,3
NBC,9,il,1,2204,0.6347549909255898,0.7801379586974755,0.6318063510981632,0.6981806769831626,4
NBC,9,il,1,2204,0.4441923774954628,0.7788653859107739,0.43989924432510974,0.5622452214203528,5
NBC,9,il,1,2204,0.32259528130671505,0.7895353208931603,0.31811387925478285,0.45350485280799474,6
NBC,9,il,1,2204,0.2717785843920145,0.7778081618150903,0.26653470716987704,0.39702070421607777,7
NBC,9,il,1,2204,0.2599818511796733,0.7308481532147743,0.2545850497677059,0.37762684045085343,8
NBC,9,il,1,2204,0.2554446460980036,0.0638611615245009,0.25,0.10173473075533068,9
NBC,9,il,1,2204,0.2554446460980036,0.0638611615245009,0.25,0.10173473075533068,10
NBC,9,il,1,2204,0.2554446460980036,0.0638611615245009,0.25,0.10173473075533068,11
CFA,9,il,2,3428,0.9387397899649942,0.9387705551705332,0.9381871334477574,0.9384787536355759,2
CFA,9,il,2,3428,0.9051925320886814,0.9080870869891188,0.9063853055082217,0.9072353982039547,3
CFA,9,il,2,3428,0.7225787631271878,0.8109762662288487,0.7278552548480818,0.7671708420927712,4
CFA,9,il,2,3428,0.5,0.7983193841894475,0.511423907711616,0.6234498341602335,5
CFA,9,il,2,3428,0.32847141190198365,0.7876684294795326,0.3434559168090273,0.4783371226622066,6
CFA,9,il,2,3428,0.25991831971995333,0.7798396595386805,0.27660818622612565,0.40836854301318093,7
CFA,9,il,2,3428,0.24095682613768962,0.8086764705882352,0.257993484178639,0.39118615704506515,8
CFA,9,il,2,3428,0.23278879813302217,0.05819719953325554,0.25,0.09441552295314719,9
CFA,9,il,2,3428,0.23278879813302217,0.05819719953325554,0.25,0.09441552295314719,10
CFA,9,il,2,3428,0.23278879813302217,0.05819719953325554,0.25,0.09441552295314719,11
NBC,9,il,2,3428,0.9626604434072346,0.9632923554750109,0.9619909209119073,0.9626411983278189,2
NBC,9,il,2,3428,0.9075262543757293,0.9085731325088906,0.9082379977590938,0.9084055342239821,3
NBC,9,il,2,3428,0.7342473745624271,0.8117915135091753,0.7391139454777533,0.7737498439744422,4
NBC,9,il,2,3428,0.5008751458576429,0.7874230661645425,0.5119549694342845,0.6204894045085749,5
NBC,9,il,2,3428,0.3313885647607935,0.790976512602082,0.3462151574327861,0.4816216387300293,6
NBC,9,il,2,3428,0.25991831971995333,0.7764443776909984,0.27653779333622575,0.40782497702790904,7
NBC,9,il,2,3428,0.24037339556592766,0.7461764705882352,0.25741141200168904,0.3827753248691582,8
NBC,9,il,2,3428,0.23278879813302217,0.05819719953325554,0.25,0.09441552295314719,9
NBC,9,il,2,3428,0.23278879813302217,0.05819719953325554,0.25,0.09441552295314719,10
NBC,9,il,2,3428,0.23278879813302217,0.05819719953325554,0.25,0.09441552295314719,11
CFA,9,il,3,3620,0.9754143646408839,0.975220063931086,0.9753106136193979,0.9752653366734432,2
CFA,9,il,3,3620,0.958011049723757,0.9578572861920593,0.9586710236387509,0.9582639821632916,3
CFA,9,il,3,3620,0.830110497237569,0.8629355997146257,0.8331358045108785,0.84777391248763,4
CFA,9,il,3,3620,0.5941988950276244,0.8136402386594698,0.6021693092581788,0.6921117055875807,5
CFA,9,il,3,3620,0.3696132596685083,0.791588257484221,0.3807861827237519,0.5142143337804117,6
CFA,9,il,3,3620,0.2759668508287293,0.7818917973412356,0.2890394596061011,0.42205805668265667,7
CFA,9,il,3,3620,0.24806629834254143,0.8098099496925657,0.26142115811731775,0.3952488932782729,8
CFA,9,il,3,3620,0.23646408839779007,0.05911602209944752,0.25,0.09562109025915998,9
CFA,9,il,3,3620,0.23646408839779007,0.05911602209944752,0.25,0.09562109025915998,10
CFA,9,il,3,3620,0.23646408839779007,0.05911602209944752,0.25,0.09562109025915998,11
NBC,9,il,3,3620,0.9881215469613259,0.9884258690293892,0.9878555509128619,0.9881406276795169,2
NBC,9,il,3,3620,0.9638121546961326,0.9636455573823025,0.9640390670544288,0.9638422720536363,3
NBC,9,il,3,3620,0.8441988950276244,0.8687361537511507,0.846694459897711,0.8575736991534288,4
NBC,9,il,3,3620,0.5964088397790055,0.8045004161528682,0.6039361323049522,0.6899378893583694,5
NBC,9,il,3,3620,0.3737569060773481,0.7959183475127616,0.38463181567643806,0.5186319542864883,6
NBC,9,il,3,3620,0.27569060773480664,0.7788489335124271,0.2886639577678851,0.42121386540138356,7
NBC,9,il,3,3620,0.2472375690607735,0.7473099496925657,0.26057940727556694,0.3864185734192242,8
NBC,9,il,3,3620,0.23646408839779007,0.05911602209944752,0.25,0.09562109025915998,9
NBC,9,il,3,3620,0.23646408839779007,0.05911602209944752,0.25,0.09562109025915998,10
NBC,9,il,3,3620,0.23646408839779007,0.05911602209944752,0.25,0.09562109025915998,11
CFA,9,il,4,3663,0.9896259896259896,0.9894803429635334,0.9896552395460169,0.9895677835269532,2
CFA,9,il,4,3663,0.9787059787059788,0.9786238864271035,0.9792295460915695,0.978926622579283,3
CFA,9,il,4,3663,0.8932568932568933,0.9039313975411549,0.8953283183995782,0.8996092903530124,4
CFA,9,il,4,3663,0.6683046683046683,0.8305957106126467,0.6748282867553921,0.7446533087808607,5
CFA,9,il,4,3663,0.4051324051324051,0.7970771530710009,0.41537388583073886,0.5461416976934708,6
CFA,9,il,4,3663,0.28801528801528803,0.7825198228502306,0.30052069440739754,0.4342651947056669,7
CFA,9,il,4,3663,0.251979251979252,0.8101441241685143,0.26479056808311274,0.3991284762024612,8
CFA,9,il,4,3663,0.23696423696423696,0.05924105924105924,0.25,0.0957845950121386,9
CFA,9,il,4,3663,0.23696423696423696,0.05924105924105924,0.25,0.0957845950121386,10
CFA,9,il,4,3663,0.23696423696423696,0.05924105924105924,0.25,0.0957845950121386,11
NBC,9,il,4,3663,0.9961779961779962,0.996297514736474,0.9960860571917607,0.9961917747428108,2
NBC,9,il,4,3663,0.9858039858039858,0.9860370419173605,0.9857529877911119,0.9858949943939576,3
NBC,9,il,4,3663,0.9066339066339066,0.9128531920695703,0.9080583011509753,0.9104494335689727,4
NBC,9,il,4,3663,0.6718536718536718,0.8234377747158015,0.6779312720423899,0.7436335779882994,5
NBC,9,il,4,3663,0.4105924105924106,0.7998434605929381,0.4203405663385852,0.5510753227172303,6
NBC,9,il,4,3663,0.28746928746928746,0.7792595675713174,0.2998337019613123,0.43304557174168234,7
NBC,9,il,4,3663,0.2508872508872509,0.7434774575018477,0.263675740881329,0.3892892754549605,8
NBC,9,il,4,3663,0.23696423696423696,0.05924105924105924,0.25,0.0957845950121386,9
NBC,9,il,4,3663,0.23696423696423696,0.05924105924105924,0.25,0.0957845950121386,10
NBC,9,il,4,3663,0.23696423696423696,0.05924105924105924,0.25,0.0957845950121386,11
CFA,9,il,5,3674,0.9956450734893849,0.9956034859011466,0.9955589931927262,0.9955812390498396,2
CFA,9,il,5,3674,0.9882961350027218,0.9882709472889428,0.9885837204347604,0.9884273091187477,3
CFA,9,il,5,3674,0.9322264561785519,0.934975200679823,0.9336792057573975,0.934326753803557,4
CFA,9,il,5,3674,0.7291780076211214,0.8458373285384774,0.7344938113899737,0.7862431708866625,5
CFA,9,il,5,3674,0.44011976047904194,0.8018188161463722,0.4495603109760527,0.5761098431649778,6
CFA,9,il,5,3674,0.3002177463255308,0.7832679303259693,0.3122543966370145,0.44650638142096516,7
CFA,9,il,5,3674,0.2558519324986391,0.8104547975596228,0.2682414009839597,0.40307462031494523,8
CFA,9,il,5,3674,0.23734349482852476,0.05933587370713119,0.25,0.09590849098108227,9
CFA,9,il,5,3674,0.23734349482852476,0.05933587370713119,0.25,0.09590849098108227,10
CFA,9,il,5,3674,0.23734349482852476,0.05933587370713119,0.25,0.09590849098108227,11
NBC,9,il,5,3674,0.9983669025585193,0.9984623862929581,0.9983036648980284,0.9983830192871724,2
NBC,9,il,5,3674,0.9948285247686446,0.9950131701275199,0.9947423820210383,0.9948777576483476,3
NBC,9,il,5,3674,0.9447468698965705,0.9457236975240818,0.9455597565677817,0.9456417199405354,4
NBC,9,il,5,3674,0.7335329341317365,0.8400263017588527,0.7383588605621338,0.7859182635711512,5
NBC,9,il,5,3674,0.4463799673380512,0.8034884817586543,0.45517232664597035,0.5811346777991585,6
NBC,9,il,5,3674,0.2994011976047904,0.779840668415428,0.3112586335125307,0.4449313465411994,7
NBC,9,il,5,3674,0.25449101796407186,0.7410103531151784,0.2668494188013316,0.39239225051823035,8
NBC,9,il,5,3674,0.23734349482852476,0.05933587370713119,0.25,0.09590849098108227,9
NBC,9,il,5,3674,0.23734349482852476,0.05933587370713119,0.25,0.09590849098108227,10
NBC,9,il,5,3674,0.23734349482852476,0.05933587370713119,0.25,0.09590849098108227,11
CFA,9,il,10,3655,1.0,1.0,1.0,1.0,2
CFA,9,il,10,3655,0.999452804377565,0.9994419642857143,0.9994882292732856,0.9994650962441013,3
CFA,9,il,10,3655,0.9915184678522572,0.9914197708955789,0.9918539787925379,0.9916368273124209,4
CFA,9,il,10,3655,0.892202462380301,0.9132007438317219,0.8944590677451298,0.9037327496697012,5
CFA,9,il,10,3655,0.586593707250342,0.8238470321433553,0.5940335481398022,0.6903159298942213,6
CFA,9,il,10,3655,0.3548563611491108,0.7854627287097836,0.3664122015673017,0.49971246028660515,7
CFA,9,il,10,3655,0.27305061559507526,0.8115068104426788,0.28528395465160433,0.4221586823625307,8
CFA,9,il,10,3655,0.2372093023255814,0.05930232558139535,0.25,0.09586466165413533,9
CFA,9,il,10,3655,0.2372093023255814,0.05930232558139535,0.25,0.09586466165413533,10
CFA,9,il,10,3655,0.2372093023255814,0.05930232558139535,0.25,0.09586466165413533,11
NBC,9,il,10,3655,1.0,1.0,1.0,1.0,2
NBC,9,il,10,3655,1.0,1.0,1.0,1.0,3
NBC,9,il,10,3655,0.9931600547195623,0.9930355502815773,0.9932918951596387,0.9931637061793532,4
NBC,9,il,10,3655,0.8995896032831737,0.9156751807816635,0.9013100559366882,0.9084358328642688,5
NBC,9,il,10,3655,0.6002735978112175,0.8278702145480812,0.6064872057884868,0.7000942527406678,6
NBC,9,il,10,3655,0.3526675786593707,0.7815507548960561,0.3638504123918356,0.4965379337746141,7
NBC,9,il,10,3655,0.27031463748290013,0.735749234685103,0.2824875340699488,0.40823508515443335,8
NBC,9,il,10,3655,0.2372093023255814,0.05930232558139535,0.25,0.09586466165413533,9
NBC,9,il,10,3655,0.2372093023255814,0.05930232558139535,0.25,0.09586466165413533,10
NBC,9,il,10,3655,0.2372093023255814,0.05930232558139535,0.25,0.09586466165413533,11
CFA,9,il,15,3635,1.0,1.0,1.0,1.0,2
CFA,9,il,15,3635,1.0,1.0,1.0,1.0,3
CFA,9,il,15,3635,0.9994497936726272,0.99945295404814,0.9994855967078189,0.9994692751114522,4
CFA,9,il,15,3635,0.951856946354883,0.9558378609157703,0.9530106333215265,0.9544221533914894,5
CFA,9,il,15,3635,0.6869325997248968,0.8455689910281249,0.693026801930626,0.7617360925406326,6
CFA,9,il,15,3635,0.40440165061898214,0.7876998749281872,0.41549813202565083,0.5440298682975749,7
CFA,9,il,15,3635,0.287757909215956,0.8124456679223413,0.299729780670691,0.4379060195246645,8
CFA,9,il,15,3635,0.23713892709766163,0.05928473177441541,0.25,0.0958416722259284,9
CFA,9,il,15,3635,0.23713892709766163,0.05928473177441541,0.25,0.0958416722259284,10
CFA,9,il,15,3635,0.23713892709766163,0.05928473177441541,0.25,0.0958416722259284,11
NBC,9,il,15,3635,1.0,1.0,1.0,1.0,2
NBC,9,il,15,3635,1.0,1.0,1.0,1.0,3
NBC,9,il,15,3635,0.9991746905089408,0.9991720551717356,0.9991955735059628,0.9991838142004582,4
NBC,9,il,15,3635,0.9603851444291609,0.9624408605474873,0.9610488319153669,0.9617443425261772,5
NBC,9,il,15,3635,0.7075653370013755,0.8559043372298502,0.7122716360619835,0.7775101684685757,6
NBC,9,il,15,3635,0.4027510316368638,0.7923899371704284,0.4133801780762879,0.5433179827422535,7
NBC,9,il,15,3635,0.28473177441540576,0.745372497190634,0.2966364173411072,0.4243814502308444,8
NBC,9,il,15,3635,0.23713892709766163,0.05928473177441541,0.25,0.0958416722259284,9
NBC,9,il,15,3635,0.23713892709766163,0.05928473177441541,0.25,0.0958416722259284,10
NBC,9,il,15,3635,0.23713892709766163,0.05928473177441541,0.25,0.0958416722259284,11
CFA,9,il,20,3615,1.0,1.0,1.0,1.0,2
CFA,9,il,20,3615,1.0,1.0,1.0,1.0,3
CFA,9,il,20,3615,1.0,1.0,1.0,1.0,4
CFA,9,il,20,3615,0.9773167358229599,0.9778253854984622,0.9780190654839898,0.9779222159015224,5
CFA,9,il,20,3615,0.7590594744121715,0.864245653142387,0.7639259898774635,0.8109952275664878,6
CFA,9,il,20,3615,0.4520055325034578,0.7909361791716323,0.4625912455878279,0.5837609055481043,7
CFA,9,il,20,3615,0.30096818810511755,0.8133126477541371,0.312649663885394,0.4516704037523369,8
CFA,9,il,20,3615,0.23706777316735822,0.059266943291839555,0.25,0.09581842576028622,9
CFA,9,il,20,3615,0.23706777316735822,0.059266943291839555,0.25,0.09581842576028622,10
CFA,9,il,20,3615,0.23706777316735822,0.059266943291839555,0.25,0.09581842576028622,11
NBC,9,il,20,3615,1.0,1.0,1.0,1.0,2
NBC,9,il,20,3615,1.0,1.0,1.0,1.0,3
NBC,9,il,20,3615,1.0,1.0,1.0,1.0,4
NBC,9,il,20,3615,0.983402489626556,0.9834546432758479,0.9837382047434223,0.9835964035726185,5
NBC,9,il,20,3615,0.7809128630705394,0.8766089214232644,0.7842915028809267,0.8278845840019639,6
NBC,9,il,20,3615,0.4517289073305671,0.8038249868673062,0.46179623280958804,0.5865947014831255,7
NBC,9,il,20,3615,0.2979253112033195,0.7535300390584849,0.3095388041568872,0.438817840773086,8
NBC,9,il,20,3615,0.23706777316735822,0.059266943291839555,0.25,0.09581842576028622,9
NBC,9,il,20,3615,0.23706777316735822,0.059266943291839555,0.25,0.09581842576028622,10
NBC,9,il,20,3615,0.23706777316735822,0.059266943291839555,0.25,0.09581842576028622,11
CFA,9,il,25,3595,1.0,1.0,1.0,1.0,2
CFA,9,il,25,3595,1.0,1.0,1.0,1.0,3
CFA,9,il,25,3595,1.0,1.0,1.0,1.0,4
CFA,9,il,25,3595,0.9916550764951322,0.9914935532339536,0.9920637613657675,0.9917785753417261,5
CFA,9,il,25,3595,0.8111265646731571,0.8795892652450495,0.8148981463931934,0.846008836551412,6
CFA,9,il,25,3595,0.4948539638386648,0.7942521894769534,0.5050186108206586,0.6174419332429212,7
CFA,9,il,25,3595,0.31321279554937415,0.814137308039747,0.32462109733607275,0.4641654367958368,8
CFA,9,il,25,3595,0.23699582753824758,0.059248956884561894,0.25,0.09579491792219474,9
CFA,9,il,25,3595,0.23699582753824758,0.059248956884561894,0.25,0.09579491792219474,10
CFA,9,il,25,3595,0.23699582753824758,0.059248956884561894,0.25,0.09579491792219474,11
NBC,9,il,25,3595,1.0,1.0,1.0,1.0,2
NBC,9,il,25,3595,1.0,1.0,1.0,1.0,3
NBC,9,il,25,3595,1.0,1.0,1.0,1.0,4
NBC,9,il,25,3595,0.9955493741307372,0.9953975786219014,0.9957020150040212,0.9955497735390098,5
NBC,9,il,25,3595,0.8319888734353268,0.8940139688282653,0.8342923235123352,0.8631213050738903,6
NBC,9,il,25,3595,0.4951321279554937,0.8109046535341499,0.5046895537509872,0.622160093835148,7
NBC,9,il,25,3595,0.3101529902642559,0.760215739412296,0.32149254215973605,0.45188466209820255,8
NBC,9,il,25,3595,0.23699582753824758,0.059248956884561894,0.25,0.09579491792219474,9
NBC,9,il,25,3595,0.23699582753824758,0.059248956884561894,0.25,0.09579491792219474,10
NBC,9,il,25,3595,0.23699582753824758,0.059248956884561894,0.25,0.09579491792219474,11
